100 0.9
200 0.88
300 0.9
400 0.895
500 0.896
600 0.898333
700 0.894286
800 0.89625
900 0.902222
1000 0.899
1100 0.895455
1200 0.8975
1300 0.9
1400 0.897143
1500 0.900667
1600 0.9025
1700 0.902353
1800 0.899444
1900 0.898947
2000 0.8985
2100 0.899524
2200 0.897273
2300 0.898261
2400 0.898333
2500 0.8996
2600 0.898077
2700 0.898889
2800 0.898929
2900 0.898276
3000 0.898667
3100 0.9
3200 0.899688
3300 0.900303
3400 0.899118
3500 0.900571
3600 0.900833
3700 0.900811
3800 0.901842
3900 0.901538
4000 0.9005
4100 0.900244
4200 0.9
4300 0.899302
4400 0.900682
4500 0.9
4600 0.9
4700 0.900213
4800 0.899375
4900 0.899184
5000 0.8994
5100 0.898431
5200 0.897885
5300 0.897358
5400 0.897222
5500 0.896182
5600 0.896964
5700 0.896316
5800 0.897241
5900 0.897119
6000 0.896833
6100 0.897377
6200 0.897419
6300 0.897619
6400 0.897344
6500 0.898154
6600 0.89803
6700 0.89806
6800 0.898235
6900 0.898696
7000 0.898714
7100 0.898451
7200 0.898889
7300 0.899178
7400 0.898649
7500 0.898133
7600 0.8975
7700 0.897922
7800 0.897949
7900 0.898481
8000 0.898375
8100 0.899136
8200 0.899146
8300 0.899398
8400 0.9
8500 0.9
8600 0.899419
8700 0.89931
8800 0.899773
8900 0.899213
9000 0.899556
9100 0.89967
9200 0.899891
9300 0.89957
9400 0.899362
9500 0.899263
9600 0.899271
9700 0.899278
9800 0.898673
9900 0.898889
10000 0.8989
10100 0.898416
10200 0.898235
10300 0.898058
10400 0.898269
10500 0.898095
10600 0.898113
10700 0.898131
10800 0.89787
10900 0.89789
11000 0.898091
11100 0.898018
11200 0.898661
11300 0.898496
11400 0.898684
11500 0.899044
11600 0.898793
11700 0.898803
11800 0.898898
11900 0.898655
12000 0.898583
12100 0.898347
12200 0.897951
12300 0.898049
12400 0.897823
12500 0.89776
12600 0.897619
12700 0.897323
12800 0.897187
12900 0.897364
13000 0.897308
13100 0.897328
13200 0.897576
13300 0.897143
13400 0.897015
13500 0.896741
13600 0.896985
13700 0.897226
13800 0.897319
13900 0.89741
14000 0.897357
14100 0.897163
14200 0.897113
14300 0.897343
14400 0.897431
14500 0.897172
14600 0.897603
14700 0.897551
14800 0.897568
14900 0.897383
15000 0.897133
15100 0.896689
15200 0.896645
15300 0.896601
15400 0.896364
15500 0.896258
15600 0.896346
15700 0.896497
15800 0.896392
15900 0.896541
16000 0.896375
16100 0.896584
16200 0.896481
16300 0.896748
16400 0.896951
16500 0.897333
16600 0.89747
16700 0.897485
16800 0.897381
16900 0.897692
17000 0.897471
17100 0.897251
17200 0.897558
17300 0.897688
17400 0.897816
17500 0.898057
17600 0.898295
17700 0.898418
17800 0.898315
17900 0.898268
18000 0.898444
18100 0.898232
18200 0.898187
18300 0.898142
18400 0.898098
18500 0.897892
18600 0.897796
18700 0.897701
18800 0.897766
18900 0.897513
19000 0.897053
19100 0.897016
19200 0.897135
19300 0.897409
19400 0.897629
19500 0.89759
19600 0.897296
19700 0.89736
19800 0.897525
19900 0.897487
20000 0.89765
20100 0.897512
20200 0.897475
20300 0.897635
20400 0.897696
20500 0.897512
20600 0.89733
20700 0.897246
20800 0.897212
20900 0.897368
21000 0.897429
21100 0.897393
21200 0.8975
21300 0.8977
21400 0.897617
21500 0.897674
21600 0.897824
21700 0.897788
21800 0.897615
21900 0.89758
22000 0.897636
22100 0.897421
22200 0.897568
22300 0.897668
22400 0.897679
22500 0.897733
22600 0.897788
22700 0.897753
22800 0.897982
22900 0.897729
23000 0.89787
23100 0.897792
23200 0.897716
23300 0.897983
23400 0.897906
23500 0.898
23600 0.898093
23700 0.898101
23800 0.897941
23900 0.898075
24000 0.897958
24100 0.897801
24200 0.897893
24300 0.897984
24400 0.897992
24500 0.898082
24600 0.897927
24700 0.897895
24800 0.897944
24900 0.897871
25000 0.898
25100 0.898048
25200 0.897897
25300 0.898024
25400 0.898189
25500 0.898118
25600 0.898086
25700 0.898054
25800 0.898062
25900 0.898108
26000 0.898115
26100 0.898276
26200 0.898282
26300 0.898403
26400 0.898258
26500 0.898453
26600 0.898609
26700 0.898764
26800 0.898881
26900 0.89881
27000 0.898815
27100 0.898708
27200 0.898713
27300 0.898645
27400 0.898613
27500 0.898582
27600 0.898768
27700 0.898664
27800 0.898705
27900 0.89853
28000 0.898643
28100 0.898612
28200 0.898652
28300 0.898728
28400 0.898697
28500 0.898596
28600 0.898671
28700 0.898606
28800 0.898472
28900 0.898408
29000 0.898379
29100 0.898282
29200 0.898288
29300 0.898191
29400 0.898027
29500 0.897966
29600 0.897838
29700 0.89798
29800 0.898154
29900 0.898094
30000 0.898033
30100 0.897973
30200 0.89798
30300 0.89802
30400 0.898158
30500 0.898131
30600 0.898235
30700 0.898339
30800 0.898344
30900 0.898414
31000 0.898484
31100 0.898489
31200 0.898622
31300 0.898658
31400 0.898885
31500 0.898889
31600 0.898892
31700 0.898927
31800 0.898899
31900 0.898589
32000 0.898562
32100 0.898474
32200 0.898354
32300 0.89839
32400 0.898426
32500 0.898585
32600 0.898742
32700 0.898777
32800 0.898872
32900 0.898967
33000 0.89903
33100 0.899154
33200 0.899157
33300 0.899249
33400 0.899431
33500 0.899552
33600 0.899762
33700 0.9
33800 0.899911
33900 0.899941
34000 0.9
34100 0.899941
34200 0.899912
34300 0.900029
34400 0.9
34500 0.900058
34600 0.900145
34700 0.900202
34800 0.900287
34900 0.900373
35000 0.900429
35100 0.900313
35200 0.900142
35300 0.900028
35400 0.900141
35500 0.900197
35600 0.900309
35700 0.900448
35800 0.900475
35900 0.900474
36000 0.900528
36100 0.900388
36200 0.900359
36300 0.900496
36400 0.90044
36500 0.900493
36600 0.900464
36700 0.900518
36800 0.900435
36900 0.900542
37000 0.900459
37100 0.900458
37200 0.900538
37300 0.90059
37400 0.900588
37500 0.900587
37600 0.900638
37700 0.90069
37800 0.900529
37900 0.900528
38000 0.900447
38100 0.900472
38200 0.900445
38300 0.900392
38400 0.900469
38500 0.900545
38600 0.900622
38700 0.900594
38800 0.900464
38900 0.900514
39000 0.90059
39100 0.900665
39200 0.900638
39300 0.900534
39400 0.90066
39500 0.900582
39600 0.900556
39700 0.900529
39800 0.900553
39900 0.900576
40000 0.900625
40100 0.900599
40200 0.900522
40300 0.900447
40400 0.90047
40500 0.900469
40600 0.900616
40700 0.900565
40800 0.900564
40900 0.900636
41000 0.900585
41100 0.900608
41200 0.900655
41300 0.900799
41400 0.900628
41500 0.900699
41600 0.900721
41700 0.900695
41800 0.900646
41900 0.900668
42000 0.900619
42100 0.900641
42200 0.900663
42300 0.900709
42400 0.900684
42500 0.900588
42600 0.90054
42700 0.900492
42800 0.90035
42900 0.90042
43000 0.900512
43100 0.900626
43200 0.900694
43300 0.900762
43400 0.900806
43500 0.900782
43600 0.900734
43700 0.900732
43800 0.900776
43900 0.90082
44000 0.900818
44100 0.900771
44200 0.900747
44300 0.900655
44400 0.900743
44500 0.900697
44600 0.90074
44700 0.900649
44800 0.900558
44900 0.900646
45000 0.900578
45100 0.900599
45200 0.900575
45300 0.900618
45400 0.900661
45500 0.900659
45600 0.90057
45700 0.900547
45800 0.90059
45900 0.900545
46000 0.900522
46100 0.900456
46200 0.900563
46300 0.90054
46400 0.900539
46500 0.900452
46600 0.900494
46700 0.900514
46800 0.900534
46900 0.900405
47000 0.90034
47100 0.900255
47200 0.900254
47300 0.900211
47400 0.900148
47500 0.900189
47600 0.900147
47700 0.900147
47800 0.900105
47900 0.900188
48000 0.900187
48100 0.900187
48200 0.900187
48300 0.900145
48400 0.900165
48500 0.900227
48600 0.900288
48700 0.900308
48800 0.900348
48900 0.900348
49000 0.900286
49100 0.900367
49200 0.900427
49300 0.900507
49400 0.900567
49500 0.900566
49600 0.900585
49700 0.900443
49800 0.900562
49900 0.900561
50000 0.90056
50100 0.900619
50200 0.900657
50300 0.900596
50400 0.900595
50500 0.900634
50600 0.900731
50700 0.900572
50800 0.900551
50900 0.90055
51000 0.900608
51100 0.900587
51200 0.900625
51300 0.900624
51400 0.900603
51500 0.900621
51600 0.900523
51700 0.900561
51800 0.900541
51900 0.90054
52000 0.900558
52100 0.900576
52200 0.900556
52300 0.900593
52400 0.900668
52500 0.900743
52600 0.900837
52700 0.900949
52800 0.900985
52900 0.901059
53000 0.901113
53100 0.901055
53200 0.901128
53300 0.901163
53400 0.901199
53500 0.901215
53600 0.901269
53700 0.901304
53800 0.901283
53900 0.901391
54000 0.901407
54100 0.901312
54200 0.901421
54300 0.901418
54400 0.901415
54500 0.901486
54600 0.901538
54700 0.901609
54800 0.901533
54900 0.901548
55000 0.901473
55100 0.901488
55200 0.901467
55300 0.901465
55400 0.901462
55500 0.901405
55600 0.901313
55700 0.901329
55800 0.90129
55900 0.901324
56000 0.901268
56100 0.901319
56200 0.901281
56300 0.901226
56400 0.90117
56500 0.90108
56600 0.901166
56700 0.901199
56800 0.901197
56900 0.901037
57000 0.900895
57100 0.900946
57200 0.900962
57300 0.901012
57400 0.900958
57500 0.90087
57600 0.900868
57700 0.900919
57800 0.900882
57900 0.900864
58000 0.900845
58100 0.900878
58200 0.900911
58300 0.900909
58400 0.900822
58500 0.900855
58600 0.900887
58700 0.900886
58800 0.900935
58900 0.900951
59000 0.900983
59100 0.901032
59200 0.90098
59300 0.900927
59400 0.900926
59500 0.90084
59600 0.900805
59700 0.900854
59800 0.900819
59900 0.900851
60000 0.900867
60100 0.900882
60200 0.90088
60300 0.900862
60400 0.900894
60500 0.900859
60600 0.900875
60700 0.90084
60800 0.900888
60900 0.900903
61000 0.900803
61100 0.900818
61200 0.900784
61300 0.900816
61400 0.900814
61500 0.900813
61600 0.900828
61700 0.900827
61800 0.900841
61900 0.900792
62000 0.900758
62100 0.900789
62200 0.900788
62300 0.900754
62400 0.900721
62500 0.900656
62600 0.900575
62700 0.90059
62800 0.900541
62900 0.900556
63000 0.90054
63100 0.900444
63200 0.900506
63300 0.900521
63400 0.900536
63500 0.900472
63600 0.900535
63700 0.900471
63800 0.900517
63900 0.900516
64000 0.900437
64100 0.90039
64200 0.900358
64300 0.900389
64400 0.900326
64500 0.90031
64600 0.900279
64700 0.900309
64800 0.900386
64900 0.900416
65000 0.900338
65100 0.900261
65200 0.900307
65300 0.90026
65400 0.900229
65500 0.900122
65600 0.900183
65700 0.900152
65800 0.900213
65900 0.900228
66000 0.900197
66100 0.900151
66200 0.900166
66300 0.900151
66400 0.900136
66500 0.90018
66600 0.900225
66700 0.90012
66800 0.90012
66900 0.90006
67000 0.90003
67100 0.900045
67200 0.900045
67300 0.900059
67400 0.900089
67500 0.900133
67600 0.900148
67700 0.900089
67800 0.900133
67900 0.900147
68000 0.900162
68100 0.900147
68200 0.900147
68300 0.90019
68400 0.90019
68500 0.900088
68600 0.900102
68700 0.900087
68800 0.900145
68900 0.900131
69000 0.90013
69100 0.900145
69200 0.90013
69300 0.900202
69400 0.900173
69500 0.900158
69600 0.900144
69700 0.900187
69800 0.900158
69900 0.900114
70000 0.9002
70100 0.900171
70200 0.900199
70300 0.900185
70400 0.900199
70500 0.900227
70600 0.900156
70700 0.90017
70800 0.900226
70900 0.900099
71000 0.900141
71100 0.900211
71200 0.900253
71300 0.900224
71400 0.900154
71500 0.900154
71600 0.900223
71700 0.900251
71800 0.900279
71900 0.900362
72000 0.900333
72100 0.900374
72200 0.900429
72300 0.900456
72400 0.90047
72500 0.900469
72600 0.900441
72700 0.90033
72800 0.900371
72900 0.900384
73000 0.900397
73100 0.900315
73200 0.900355
73300 0.900314
73400 0.900286
73500 0.900218
73600 0.900272
73700 0.900231
73800 0.900163
73900 0.900176
74000 0.900081
74100 0.900121
74200 0.900162
74300 0.900135
74400 0.900094
74500 0.900107
74600 0.900201
74700 0.900281
74800 0.900214
74900 0.900174
75000 0.900187
75100 0.900067
75200 0.900053
75300 0.900066
75400 0.90004
75500 0.900106
75600 0.900066
75700 0.900066
75800 0.900092
75900 0.900119
76000 0.900145
76100 0.900118
76200 0.900092
76300 0.900026
76400 0.899987
76500 0.899974
76600 0.899974
76700 0.899948
76800 0.899987
76900 0.9
77000 0.899987
77100 0.899987
77200 0.899987
77300 0.900013
77400 0.900026
77500 0.900052
77600 0.900064
77700 0.900051
77800 0.900039
77900 0.900077
78000 0.900115
78100 0.900051
78200 0.900064
78300 0.900102
78400 0.900102
78500 0.900102
78600 0.900089
78700 0.900114
78800 0.900127
78900 0.900165
79000 0.900215
79100 0.90019
79200 0.900101
79300 0.900164
79400 0.900214
79500 0.900201
79600 0.900163
79700 0.900176
79800 0.900163
79900 0.900188
80000 0.9001
80100 0.900075
80200 0.900087
80300 0.900062
80400 0.9001
80500 0.900112
80600 0.900099
80700 0.900161
80800 0.900223
80900 0.90021
81000 0.900173
81100 0.900185
81200 0.90016
81300 0.900135
81400 0.900184
81500 0.90016
81600 0.900172
81700 0.900171
81800 0.900196
81900 0.900208
82000 0.900232
82100 0.900244
82200 0.900243
82300 0.900304
82400 0.90034
82500 0.900352
82600 0.9004
82700 0.900387
82800 0.90035
82900 0.90035
83000 0.900374
83100 0.900337
83200 0.900337
83300 0.900336
83400 0.900288
83500 0.900371
83600 0.900419
83700 0.900418
83800 0.900394
83900 0.900405
84000 0.900417
84100 0.90038
84200 0.900404
84300 0.900463
84400 0.900462
84500 0.90045
84600 0.900449
84700 0.900449
84800 0.900413
84900 0.900424
85000 0.900388
85100 0.900388
85200 0.900364
85300 0.900399
85400 0.900422
85500 0.900421
85600 0.900444
85700 0.90049
85800 0.900501
85900 0.900524
86000 0.900546
86100 0.900546
86200 0.900499
86300 0.900533
86400 0.900532
86500 0.900532
86600 0.900543
86700 0.900484
86800 0.900541
86900 0.900564
87000 0.900563
87100 0.900574
87200 0.900619
87300 0.900653
87400 0.900664
87500 0.900674
87600 0.900548
87700 0.900559
87800 0.900569
87900 0.900535
88000 0.900545
88100 0.900533
88200 0.900556
88300 0.900532
88400 0.900543
88500 0.900554
88600 0.900542
88700 0.900552
88800 0.900563
88900 0.900585
89000 0.900584
89100 0.900584
89200 0.900572
89300 0.900616
89400 0.900593
89500 0.900581
89600 0.900603
89700 0.90058
89800 0.900612
89900 0.900634
90000 0.900622
90100 0.900677
90200 0.90071
90300 0.900709
90400 0.900719
90500 0.900729
90600 0.900706
90700 0.900673
90800 0.900683
90900 0.900682
91000 0.900681
91100 0.900681
91200 0.900702
91300 0.900679
91400 0.900645
91500 0.900634
91600 0.9006
91700 0.900622
91800 0.900588
91900 0.900609
92000 0.900609
92100 0.900651
92200 0.900662
92300 0.900704
92400 0.900758
92500 0.900768
92600 0.900778
92700 0.90082
92800 0.900862
92900 0.900829
93000 0.900774
93100 0.900741
93200 0.900773
93300 0.90075
93400 0.900771
93500 0.900781
93600 0.900791
93700 0.900779
93800 0.900842
93900 0.900863
94000 0.900872
94100 0.900808
94200 0.900817
94300 0.900859
94400 0.900879
94500 0.90091
94600 0.900899
94700 0.900898
94800 0.900897
94900 0.900927
95000 0.900937
95100 0.900999
95200 0.900977
95300 0.900965
95400 0.900964
95500 0.900984
95600 0.900983
95700 0.901024
95800 0.901033
95900 0.901011
96000 0.901073
96100 0.901061
96200 0.901102
96300 0.901153
96400 0.901151
96500 0.901119
96600 0.901128
96700 0.901158
96800 0.901157
96900 0.901115
97000 0.901165
97100 0.901153
97200 0.901183
97300 0.90113
97400 0.901119
97500 0.901128
97600 0.901158
97700 0.901157
97800 0.901053
97900 0.901032
98000 0.901071
98100 0.901009
98200 0.901059
98300 0.901078
98400 0.901067
98500 0.901036
98600 0.901014
98700 0.900973
98800 0.900972
98900 0.900991
99000 0.90101
99100 0.901019
99200 0.901058
99300 0.901078
99400 0.901046
99500 0.901045
99600 0.901054
99700 0.901083
99800 0.901012
99900 0.900981
