100 0.02
200 0.015
300 0.0166667
400 0.015
500 0.014
600 0.0133333
700 0.0142857
800 0.0125
900 0.0111111
1000 0.014
1100 0.0127273
1200 0.0133333
1300 0.0123077
1400 0.0135714
1500 0.0126667
1600 0.011875
1700 0.0123529
1800 0.0122222
1900 0.0131579
2000 0.013
2100 0.0128571
2200 0.0131818
2300 0.0130435
2400 0.0129167
2500 0.0124
2600 0.0126923
2700 0.0125926
2800 0.0128571
2900 0.0131034
3000 0.014
3100 0.0135484
3200 0.01375
3300 0.0133333
3400 0.0135294
3500 0.0134286
3600 0.0130556
3700 0.012973
3800 0.0126316
3900 0.0123077
4000 0.01225
4100 0.0126829
4200 0.012381
4300 0.012093
4400 0.0118182
4500 0.0115556
4600 0.0117391
4700 0.0117021
4800 0.0120833
4900 0.012449
5000 0.0124
5100 0.012549
5200 0.0125
5300 0.0122642
5400 0.0122222
5500 0.0121818
5600 0.0121429
5700 0.0119298
5800 0.0117241
5900 0.0116949
6000 0.0121667
6100 0.0122951
6200 0.0122581
6300 0.0120635
6400 0.011875
6500 0.0118462
6600 0.0118182
6700 0.011791
6800 0.0116176
6900 0.0115942
7000 0.0114286
7100 0.0116901
7200 0.0116667
7300 0.0115068
7400 0.0114865
7500 0.0114667
7600 0.0115789
7700 0.0114286
7800 0.0112821
7900 0.0111392
8000 0.011
8100 0.0109877
8200 0.0109756
8300 0.0108434
8400 0.0107143
8500 0.0108235
8600 0.0110465
8700 0.0109195
8800 0.0107955
8900 0.0107865
9000 0.0107778
9100 0.010989
9200 0.0109783
9300 0.0112903
9400 0.0114894
9500 0.0114737
9600 0.0114583
9700 0.0114433
9800 0.0116327
9900 0.0117172
10000 0.0117
10100 0.0116832
10200 0.0115686
10300 0.0114563
10400 0.0114423
10500 0.0115238
10600 0.0114151
10700 0.0114953
10800 0.0114815
10900 0.0113761
11000 0.0115455
11100 0.0115315
11200 0.0114286
11300 0.0113274
11400 0.0112281
11500 0.0111304
11600 0.0112069
11700 0.0111111
11800 0.0110169
11900 0.0111765
12000 0.0111667
12100 0.0113223
12200 0.0113115
12300 0.0112195
12400 0.011129
12500 0.01112
12600 0.0110317
12700 0.0110236
12800 0.0110156
12900 0.0109302
13000 0.0109231
13100 0.0109924
13200 0.0109848
13300 0.0111278
13400 0.011194
13500 0.0112593
13600 0.01125
13700 0.0113139
13800 0.0112319
13900 0.0111511
14000 0.0112143
14100 0.0112057
14200 0.0111268
14300 0.011049
14400 0.0111111
14500 0.0111034
14600 0.0110274
14700 0.0110884
14800 0.0110135
14900 0.0109396
15000 0.0110667
15100 0.0111258
15200 0.0111842
15300 0.0111111
15400 0.0112987
15500 0.0112903
15600 0.0112821
15700 0.0112739
15800 0.0112658
15900 0.0112579
16000 0.01125
16100 0.0112422
16200 0.011358
16300 0.0113497
16400 0.0112805
16500 0.0112121
16600 0.0111446
16700 0.0111377
16800 0.0110714
16900 0.0110059
17000 0.0109412
17100 0.0109357
17200 0.0109884
17300 0.0109827
17400 0.0110345
17500 0.0109714
17600 0.0110227
17700 0.0110169
17800 0.0110112
17900 0.0110056
18000 0.011
18100 0.0109945
18200 0.010989
18300 0.0109836
18400 0.011087
18500 0.011027
18600 0.0110753
18700 0.0111765
18800 0.0111702
18900 0.0112169
19000 0.0112632
19100 0.0112565
19200 0.01125
19300 0.0112435
19400 0.0111856
19500 0.0111795
19600 0.0111735
19700 0.0112183
19800 0.0112121
19900 0.0111558
20000 0.01115
20100 0.0110945
20200 0.0110396
20300 0.0109852
20400 0.0109314
20500 0.010878
20600 0.0109709
20700 0.0109662
20800 0.0109135
20900 0.0108612
21000 0.0108571
21100 0.0108531
21200 0.0108019
21300 0.0107512
21400 0.0107944
21500 0.0107907
21600 0.010787
21700 0.0107834
21800 0.0107339
21900 0.0107763
22000 0.0107727
22100 0.0107692
22200 0.0108108
22300 0.0108072
22400 0.0108482
22500 0.0108444
22600 0.0108407
22700 0.010793
22800 0.0107456
22900 0.0107424
23000 0.0107826
23100 0.0107359
23200 0.0106897
23300 0.0106438
23400 0.0106838
23500 0.0106809
23600 0.0106356
23700 0.0106329
23800 0.0107563
23900 0.0107531
24000 0.0107083
24100 0.0107469
24200 0.0107438
24300 0.0107819
24400 0.0107377
24500 0.0107755
24600 0.0107724
24700 0.0107287
24800 0.0107258
24900 0.0107229
25000 0.01072
25100 0.0107171
25200 0.0107143
25300 0.0107115
25400 0.0107087
25500 0.0107059
25600 0.0107422
25700 0.0107393
25800 0.010814
25900 0.0108108
26000 0.0108077
26100 0.0108046
26200 0.0108015
26300 0.0107985
26400 0.0107955
26500 0.0107925
26600 0.0107519
26700 0.0107491
26800 0.0107463
26900 0.0107435
27000 0.0107037
27100 0.0107749
27200 0.0107353
27300 0.0107692
27400 0.0108029
27500 0.0107636
27600 0.0107246
27700 0.0107581
27800 0.0107554
27900 0.0107885
28000 0.0107857
28100 0.0107829
28200 0.0107801
28300 0.010742
28400 0.0107042
28500 0.0107368
28600 0.0106993
28700 0.0107666
28800 0.0107639
28900 0.0107266
29000 0.0106897
29100 0.0106873
29200 0.0106849
29300 0.0107167
29400 0.0107143
29500 0.010678
29600 0.0107095
29700 0.0107071
29800 0.0106711
29900 0.0106355
30000 0.0106333
30100 0.0106312
30200 0.0106291
30300 0.0105941
30400 0.0105592
30500 0.0105246
30600 0.0105556
30700 0.0105537
30800 0.0105844
30900 0.0105502
31000 0.0105161
31100 0.0105145
31200 0.0105449
31300 0.0105751
31400 0.0105414
31500 0.0105397
31600 0.0105063
31700 0.0104732
31800 0.0104403
31900 0.0105643
32000 0.0105313
32100 0.0104984
32200 0.010528
32300 0.0105263
32400 0.0104938
32500 0.0104923
32600 0.0104601
32700 0.0105199
32800 0.0105183
32900 0.0105471
33000 0.0105152
33100 0.0105438
33200 0.0105422
33300 0.0105706
33400 0.0105389
33500 0.0105672
33600 0.0105357
33700 0.0105341
33800 0.010503
33900 0.010472
34000 0.0104706
34100 0.0104692
34200 0.0104678
34300 0.0104665
34400 0.010436
34500 0.0104058
34600 0.0104046
34700 0.0104035
34800 0.0103736
34900 0.0103725
35000 0.0103714
35100 0.0103704
35200 0.0104261
35300 0.0104249
35400 0.0104237
35500 0.0104225
35600 0.0104213
35700 0.0104202
35800 0.010419
35900 0.01039
36000 0.0103611
36100 0.0103601
36200 0.0103591
36300 0.0103306
36400 0.0103022
36500 0.0103014
36600 0.0103552
36700 0.010327
36800 0.0103533
36900 0.0103252
37000 0.0102973
37100 0.0102965
37200 0.0102688
37300 0.0102681
37400 0.0102674
37500 0.0102933
37600 0.0102926
37700 0.0102918
37800 0.010291
37900 0.0102902
38000 0.0103684
38100 0.0104199
38200 0.0104188
38300 0.0104178
38400 0.0104167
38500 0.0104156
38600 0.0103886
38700 0.0104134
38800 0.0104897
38900 0.0104884
39000 0.0104872
39100 0.0104604
39200 0.0104592
39300 0.0104326
39400 0.0104061
39500 0.0103797
39600 0.0103535
39700 0.010403
39800 0.010402
39900 0.0103759
40000 0.010375
40100 0.0104239
40200 0.0104478
40300 0.0104218
40400 0.0104208
40500 0.0103951
40600 0.0103695
40700 0.0104668
40800 0.0104657
40900 0.0104401
41000 0.0104146
41100 0.0103893
41200 0.0103641
41300 0.010339
41400 0.0103382
41500 0.0103373
41600 0.0103125
41700 0.0103118
41800 0.010311
41900 0.0102864
42000 0.0103095
42100 0.0103325
42200 0.0103318
42300 0.0103073
42400 0.0103774
42500 0.0104471
42600 0.010493
42700 0.0105152
42800 0.010514
42900 0.0104895
43000 0.0104884
43100 0.010464
43200 0.0104398
43300 0.0104157
43400 0.0103917
43500 0.0103678
43600 0.0103899
43700 0.0104348
43800 0.0104338
43900 0.01041
44000 0.0104091
44100 0.0104082
44200 0.0104072
44300 0.0104063
44400 0.0104054
44500 0.010382
44600 0.0103812
44700 0.0103803
44800 0.0104241
44900 0.0104232
45000 0.0104667
45100 0.0104656
45200 0.0104867
45300 0.0105077
45400 0.0104846
45500 0.0104835
45600 0.0104605
45700 0.0104595
45800 0.0104367
45900 0.0104575
46000 0.0105
46100 0.0104989
46200 0.0105195
46300 0.0105184
46400 0.0105172
46500 0.0104946
46600 0.0104721
46700 0.0104497
46800 0.0104487
46900 0.0104691
47000 0.0104468
47100 0.0104459
47200 0.0104237
47300 0.0104017
47400 0.0104008
47500 0.0103789
47600 0.0103782
47700 0.0103774
47800 0.0103766
47900 0.0103549
48000 0.0103542
48100 0.0103326
48200 0.0103112
48300 0.0103313
48400 0.0103306
48500 0.0103299
48600 0.0103292
48700 0.010308
48800 0.0103074
48900 0.0103476
49000 0.0103469
49100 0.0103259
49200 0.0103049
49300 0.0103043
49400 0.0102834
49500 0.010303
49600 0.0103226
49700 0.0103219
49800 0.0103012
49900 0.0103006
50000 0.01028
50100 0.0102994
50200 0.0102988
50300 0.010338
50400 0.0103373
50500 0.0103366
50600 0.0103162
50700 0.0102959
50800 0.0102953
50900 0.010275
51000 0.0102549
51100 0.0102348
51200 0.0102148
51300 0.0102144
51400 0.0102335
51500 0.010233
51600 0.0102713
51700 0.0102901
51800 0.0102896
51900 0.0103083
52000 0.0103077
52100 0.0103263
52200 0.0103257
52300 0.010325
52400 0.0103053
52500 0.0102857
52600 0.0102662
52700 0.0102657
52800 0.0102462
52900 0.0102646
53000 0.0102453
53100 0.0102448
53200 0.0102444
53300 0.0102251
53400 0.010206
53500 0.0102056
53600 0.0101866
53700 0.0101862
53800 0.0101859
53900 0.010167
54000 0.0101481
54100 0.0101479
54200 0.0101292
54300 0.0101473
54400 0.0101471
54500 0.0101284
54600 0.0101282
54700 0.0101097
54800 0.0100912
54900 0.0101093
55000 0.0101091
55100 0.010127
55200 0.0101087
55300 0.0101085
55400 0.0101264
55500 0.0101261
55600 0.0101259
55700 0.0101257
55800 0.0101434
55900 0.010161
56000 0.0101786
56100 0.0101783
56200 0.0101601
56300 0.0101776
56400 0.010195
56500 0.0102124
56600 0.0102297
56700 0.0102116
56800 0.0101937
56900 0.0101757
57000 0.010193
57100 0.0102102
57200 0.0101923
57300 0.0101745
57400 0.0101916
57500 0.0101913
57600 0.0102083
57700 0.0101906
57800 0.0102076
57900 0.0102245
58000 0.0102069
58100 0.0102065
58200 0.010189
58300 0.0102058
58400 0.0101884
58500 0.0102393
58600 0.0102389
58700 0.0102385
58800 0.0102211
58900 0.0102207
59000 0.0102203
59100 0.01022
59200 0.0102027
59300 0.0102192
59400 0.010202
59500 0.0101849
59600 0.0101846
59700 0.0101843
59800 0.0101839
59900 0.0101836
60000 0.0101833
60100 0.0101997
60200 0.0101827
60300 0.0101824
60400 0.0101821
60500 0.0102479
60600 0.010231
60700 0.0102142
60800 0.0102303
60900 0.0102299
61000 0.0102459
61100 0.0102455
61200 0.0102451
61300 0.0102773
61400 0.0102769
61500 0.0102764
61600 0.0102597
61700 0.0102917
61800 0.0102751
61900 0.0102746
62000 0.0102581
62100 0.0102415
62200 0.0102572
62300 0.0102408
62400 0.0102404
62500 0.01024
62600 0.0102396
62700 0.0102552
62800 0.0102548
62900 0.0102385
63000 0.0102698
63100 0.0102694
63200 0.0102532
63300 0.0102528
63400 0.0102366
63500 0.0102677
63600 0.0102516
63700 0.0102355
63800 0.0102194
63900 0.0102191
64000 0.01025
64100 0.010234
64200 0.0102804
64300 0.0102955
64400 0.0102795
64500 0.0102636
64600 0.0102632
64700 0.0102473
64800 0.0102469
64900 0.0102465
65000 0.0102615
65100 0.0102611
65200 0.0102454
65300 0.010245
65400 0.0102294
65500 0.010229
65600 0.0102134
65700 0.0102131
65800 0.0101976
65900 0.0101821
66000 0.0101818
66100 0.0101664
66200 0.0101813
66300 0.010181
66400 0.0101807
66500 0.0101654
66600 0.0101502
66700 0.0101649
66800 0.0101647
66900 0.0101495
67000 0.0101343
67100 0.0101192
67200 0.010119
67300 0.0101486
67400 0.0101484
67500 0.0101481
67600 0.0101331
67700 0.0101182
67800 0.0101032
67900 0.0100884
68000 0.0100735
68100 0.0100587
68200 0.010044
68300 0.0100439
68400 0.0100292
68500 0.0100438
68600 0.0100292
68700 0.0100437
68800 0.0100581
68900 0.0100435
69000 0.0100435
69100 0.0100289
69200 0.0100434
69300 0.0100577
69400 0.0100576
69500 0.0100576
69600 0.0100431
69700 0.010043
69800 0.010043
69900 0.0100286
70000 0.0100286
70100 0.0100143
70200 0.0100142
70300 0.0100284
70400 0.0100142
70500 0.01
70600 0.0100425
70700 0.0100707
70800 0.0100706
70900 0.0100846
71000 0.0100845
71100 0.0100703
71200 0.0100562
71300 0.0100561
71400 0.010084
71500 0.0100839
71600 0.0101117
71700 0.0101116
71800 0.0101253
71900 0.0101252
72000 0.0101111
72100 0.010111
72200 0.0101108
72300 0.0100968
72400 0.0100967
72500 0.0101103
72600 0.0101515
72700 0.0101651
72800 0.0101511
72900 0.0101509
73000 0.0101507
73100 0.0101368
73200 0.0101366
73300 0.0101364
73400 0.0101362
73500 0.0101769
73600 0.0101766
73700 0.01019
73800 0.0101762
73900 0.0101624
74000 0.0101757
74100 0.0101754
74200 0.0101617
74300 0.010175
74400 0.0101747
74500 0.0101879
74600 0.0101743
74700 0.0101606
74800 0.0101471
74900 0.0101602
75000 0.01016
75100 0.0101731
75200 0.0101995
75300 0.0102258
75400 0.0102255
75500 0.0102119
75600 0.0102116
75700 0.0101982
75800 0.0101847
75900 0.0101713
76000 0.0101711
76100 0.0101577
76200 0.0101837
76300 0.0102228
76400 0.0102225
76500 0.0102353
76600 0.010248
76700 0.0102477
76800 0.0102344
76900 0.0102601
77000 0.0102468
77100 0.0102335
77200 0.0102202
77300 0.010207
77400 0.0102067
77500 0.0102194
77600 0.0102191
77700 0.0102059
77800 0.0101928
77900 0.0102054
78000 0.0101923
78100 0.0101921
78200 0.010179
78300 0.0101788
78400 0.0101786
78500 0.0101656
78600 0.0101527
78700 0.0101525
78800 0.0101523
78900 0.0101648
79000 0.0101519
79100 0.0101517
79200 0.0101641
79300 0.0101513
79400 0.0101385
79500 0.0101384
79600 0.0101633
79700 0.0101631
79800 0.0101629
79900 0.0101627
80000 0.0101625
80100 0.0101498
80200 0.0101496
80300 0.010137
80400 0.0101368
80500 0.0101242
80600 0.0101117
80700 0.0100991
80800 0.0100866
80900 0.0100865
81000 0.0100741
81100 0.010074
81200 0.0100739
81300 0.0100861
81400 0.010086
81500 0.0100982
81600 0.010098
81700 0.0100857
81800 0.0100733
81900 0.0100977
82000 0.0101098
82100 0.0101096
82200 0.0101217
82300 0.0101337
82400 0.0101214
82500 0.0101091
82600 0.010109
82700 0.0101209
82800 0.0101208
82900 0.0101327
83000 0.0101325
83100 0.0101444
83200 0.0101442
83300 0.0101441
83400 0.0101559
83500 0.0101437
83600 0.0101435
83700 0.0101434
83800 0.0101432
83900 0.0101311
84000 0.010119
84100 0.0101189
84200 0.0101306
84300 0.0101305
84400 0.0101185
84500 0.0101302
84600 0.0101182
84700 0.0101299
84800 0.0101297
84900 0.0101178
85000 0.0101059
85100 0.0101058
85200 0.0101174
85300 0.0101172
85400 0.0101288
85500 0.010152
85600 0.0101519
85700 0.0101517
85800 0.0101399
85900 0.0101397
86000 0.0101512
86100 0.0101394
86200 0.0101508
86300 0.0101506
86400 0.0101505
86500 0.0101618
86600 0.0101501
86700 0.0101615
86800 0.0101613
86900 0.0101611
87000 0.0101609
87100 0.0101493
87200 0.0101376
87300 0.010126
87400 0.0101144
87500 0.0101257
87600 0.0101256
87700 0.0101368
87800 0.0101253
87900 0.0101251
88000 0.010125
88100 0.0101249
88200 0.0101247
88300 0.0101246
88400 0.0101244
88500 0.010113
88600 0.0101129
88700 0.0101015
88800 0.0101126
88900 0.0101012
89000 0.0101236
89100 0.0101122
89200 0.0101009
89300 0.0101008
89400 0.0100895
89500 0.0100782
89600 0.0101004
89700 0.0100892
89800 0.010078
89900 0.0100667
90000 0.0100556
90100 0.0100444
90200 0.0100554
90300 0.0100554
90400 0.0100442
90500 0.0100331
90600 0.0100221
90700 0.010011
90800 0.01
90900 0.009989
91000 0.00998901
91100 0.00998902
91200 0.00998904
91300 0.01
91400 0.0100109
91500 0.01
91600 0.0100328
91700 0.0100327
91800 0.0100327
91900 0.0100218
92000 0.0100217
92100 0.0100326
92200 0.0100434
92300 0.0100325
92400 0.0100325
92500 0.0100216
92600 0.0100216
92700 0.0100108
92800 0.0100108
92900 0.0100108
93000 0.0100108
93100 0.01
93200 0.00998927
93300 0.00997856
93400 0.00997859
93500 0.0099893
93600 0.00998932
93700 0.01
93800 0.00998934
93900 0.0099787
94000 0.00998936
94100 0.0100106
94200 0.01
94300 0.01
94400 0.01
94500 0.01
94600 0.00998943
94700 0.00998944
94800 0.0099789
94900 0.00997892
95000 0.00996842
95100 0.00995794
95200 0.00996849
95300 0.00997901
95400 0.00998952
95500 0.00998953
95600 0.00998954
95700 0.0100104
95800 0.0100104
95900 0.0100104
96000 0.01
96100 0.00998959
96200 0.00997921
96300 0.00996885
96400 0.00998963
96500 0.00997928
96600 0.0099793
96700 0.00996898
96800 0.0100103
96900 0.0100103
97000 0.01
97100 0.0099897
97200 0.00998971
97300 0.01
97400 0.01
97500 0.01
97600 0.01
97700 0.01
97800 0.01
97900 0.00998979
98000 0.00997959
98100 0.00996942
98200 0.00996945
98300 0.00995931
98400 0.00995935
98500 0.00996954
98600 0.00995943
98700 0.00995947
98800 0.00994939
98900 0.00996967
99000 0.0099596
99100 0.00994955
99200 0.00993952
99300 0.00992951
99400 0.00992958
99500 0.00992965
99600 0.00991968
99700 0.00990973
99800 0.00993988
99900 0.00994995
