100 0.08
200 0.09
300 0.0766667
400 0.08
500 0.078
600 0.075
700 0.0757143
800 0.0725
900 0.0666667
1000 0.068
1100 0.0709091
1200 0.0708333
1300 0.0684615
1400 0.0721429
1500 0.0706667
1600 0.069375
1700 0.0711765
1800 0.0716667
1900 0.0731579
2000 0.0735
2100 0.0733333
2200 0.0754545
2300 0.0743478
2400 0.075
2500 0.0732
2600 0.0746154
2700 0.0740741
2800 0.0742857
2900 0.0748276
3000 0.0746667
3100 0.073871
3200 0.07375
3300 0.0733333
3400 0.0732353
3500 0.0722857
3600 0.0719444
3700 0.0718919
3800 0.0705263
3900 0.0707692
4000 0.071
4100 0.0712195
4200 0.0711905
4300 0.0718605
4400 0.0709091
4500 0.0711111
4600 0.0715217
4700 0.0714894
4800 0.071875
4900 0.0722449
5000 0.0722
5100 0.0729412
5200 0.0728846
5300 0.0726415
5400 0.0727778
5500 0.0734545
5600 0.0726786
5700 0.0733333
5800 0.0724138
5900 0.0722034
6000 0.0725
6100 0.0722951
6200 0.0727419
6300 0.0726984
6400 0.0728125
6500 0.0724615
6600 0.0722727
6700 0.0723881
6800 0.0722059
6900 0.0715942
7000 0.0717143
7100 0.0721127
7200 0.0718056
7300 0.0716438
7400 0.0721622
7500 0.0728
7600 0.0730263
7700 0.0725974
7800 0.0725641
7900 0.0721519
8000 0.072
8100 0.0716049
8200 0.0714634
8300 0.0712048
8400 0.0708333
8500 0.0709412
8600 0.0713954
8700 0.0716092
8800 0.07125
8900 0.0717978
9000 0.0713333
9100 0.0710989
9200 0.0708696
9300 0.0711828
9400 0.0714894
9500 0.0716842
9600 0.0716667
9700 0.0715464
9800 0.0722449
9900 0.0721212
10000 0.072
10100 0.0725743
10200 0.0726471
10300 0.0727184
10400 0.0725
10500 0.0724762
10600 0.0724528
10700 0.0725234
10800 0.0726852
10900 0.0726606
11000 0.0726364
11100 0.0727928
11200 0.0722321
11300 0.0722124
11400 0.0718421
11500 0.0714783
11600 0.0716379
11700 0.0716239
11800 0.0713559
11900 0.0715126
12000 0.07175
12100 0.0719008
12200 0.0720492
12300 0.0719512
12400 0.0720968
12500 0.07216
12600 0.0722222
12700 0.0722835
12800 0.0725
12900 0.0722481
13000 0.0722308
13100 0.0721374
13200 0.0721212
13300 0.0724812
13400 0.0725373
13500 0.0728148
13600 0.0725
13700 0.0724088
13800 0.0723188
13900 0.072446
14000 0.0722857
14100 0.0723404
14200 0.0723944
14300 0.0722378
14400 0.0721528
14500 0.0722759
14600 0.0719178
14700 0.0720408
14800 0.072027
14900 0.0722148
15000 0.0725333
15100 0.0729139
15200 0.0728947
15300 0.0730065
15400 0.0732468
15500 0.0732903
15600 0.073141
15700 0.0729299
15800 0.073038
15900 0.0730189
16000 0.073
16100 0.0729193
16200 0.0730864
16300 0.0729448
16400 0.0726829
16500 0.0724849
16600 0.0723494
16700 0.0722156
16800 0.0721429
16900 0.0719527
17000 0.0719412
17100 0.0721053
17200 0.0719186
17300 0.0717919
17400 0.0717241
17500 0.0715429
17600 0.0713068
17700 0.0712429
17800 0.0712921
17900 0.0715084
18000 0.0713333
18100 0.0714365
18200 0.0713187
18300 0.0713661
18400 0.0715761
18500 0.0716216
18600 0.0715591
18700 0.0716578
18800 0.0715957
18900 0.0719577
19000 0.0723158
19100 0.0723037
19200 0.0722917
19300 0.0721244
19400 0.0720103
19500 0.072
19600 0.072398
19700 0.0724873
19800 0.0724242
19900 0.0724623
20000 0.07245
20100 0.0725871
20200 0.0726733
20300 0.0726108
20400 0.072402
20500 0.0723902
20600 0.0726214
20700 0.072657
20800 0.0727404
20900 0.0726794
21000 0.0726667
21100 0.0725592
21200 0.0725
21300 0.0723474
21400 0.0723832
21500 0.0724186
21600 0.0723148
21700 0.0723502
21800 0.0724312
21900 0.0723744
22000 0.0723182
22100 0.0724434
22200 0.0723423
22300 0.0722422
22400 0.0722321
22500 0.0721333
22600 0.0720796
22700 0.0721145
22800 0.0719298
22900 0.0721397
23000 0.072
23100 0.0719481
23200 0.0719828
23300 0.0717167
23400 0.0717949
23500 0.0717872
23600 0.071822
23700 0.0718143
23800 0.0718908
23900 0.0717155
24000 0.0717917
24100 0.0718672
24200 0.0718182
24300 0.0717696
24400 0.0717623
24500 0.0716327
24600 0.0717886
24700 0.0718219
24800 0.0718548
24900 0.0719277
25000 0.07188
25100 0.0718725
25200 0.0720635
25300 0.0720158
25400 0.0719291
25500 0.072
25600 0.0720313
25700 0.0721012
25800 0.0721318
25900 0.0720463
26000 0.0720769
26100 0.0720306
26200 0.0720229
26300 0.0719011
26400 0.0720833
26500 0.0719245
26600 0.0718045
26700 0.0716854
26800 0.0715299
26900 0.0716357
27000 0.0716667
27100 0.0717343
27200 0.0716912
27300 0.0717949
27400 0.0718978
27500 0.0718909
27600 0.0718116
27700 0.0718773
27800 0.0717986
27900 0.0718996
28000 0.0718571
28100 0.0718505
28200 0.0717731
28300 0.0716961
28400 0.0716901
28500 0.0717193
28600 0.0716783
28700 0.0717422
28800 0.0717361
28900 0.0717301
29000 0.0717241
29100 0.0718557
29200 0.0718836
29300 0.0719795
29400 0.0720408
29500 0.0719661
29600 0.0721284
29700 0.0720202
29800 0.0718792
29900 0.0719398
30000 0.072
30100 0.0720598
30200 0.0720199
30300 0.0720462
30400 0.0719408
30500 0.0719344
30600 0.0719281
30700 0.0718241
30800 0.0718507
30900 0.0717476
31000 0.0717419
31100 0.0716399
31200 0.0715705
31300 0.0715655
31400 0.0714013
31500 0.0713651
31600 0.0713608
31700 0.0714196
31800 0.0714465
31900 0.0717241
32000 0.0717188
32100 0.0717134
32200 0.0718634
32300 0.0717647
32400 0.0717593
32500 0.0716615
32600 0.0715337
32700 0.0714985
32800 0.0714329
32900 0.0713374
33000 0.0712727
33100 0.0712085
33200 0.0711747
33300 0.0711712
33400 0.0710479
33500 0.0709851
33600 0.0708333
33700 0.0706528
33800 0.0706805
33900 0.07059
34000 0.0705588
34100 0.0706158
34200 0.0706725
34300 0.0705831
34400 0.0705814
34500 0.0705507
34600 0.0704624
34700 0.0704611
34800 0.0704023
34900 0.0703725
35000 0.0704
35100 0.0704274
35200 0.070625
35300 0.0707649
35400 0.0707062
35500 0.0705915
35600 0.0705337
35700 0.0704762
35800 0.0704469
35900 0.07039
36000 0.0703056
36100 0.0704155
36200 0.0704696
36300 0.0703857
36400 0.0704121
36500 0.0703562
36600 0.0704098
36700 0.070327
36800 0.0704076
36900 0.0702981
37000 0.0703784
37100 0.0703774
37200 0.0703226
37300 0.0702949
37400 0.0703209
37500 0.0703733
37600 0.0703191
37700 0.0702122
37800 0.0703968
37900 0.0703958
38000 0.0704737
38100 0.0704724
38200 0.0704712
38300 0.0705483
38400 0.0705469
38500 0.0705195
38600 0.0704663
38700 0.070491
38800 0.0706186
38900 0.0705398
39000 0.0704872
39100 0.0703836
39200 0.0704082
39300 0.0704835
39400 0.0704061
39500 0.0703797
39600 0.0703788
39700 0.0704282
39800 0.0704523
39900 0.070401
40000 0.0704
40100 0.0704239
40200 0.0704726
40300 0.0704963
40400 0.070495
40500 0.0704938
40600 0.0703941
40700 0.0704914
40800 0.0704657
40900 0.0704401
41000 0.070439
41100 0.070438
41200 0.0703398
41300 0.0702421
41400 0.0703865
41500 0.0703614
41600 0.0703125
41700 0.0703357
41800 0.0703589
41900 0.0703341
42000 0.0704048
42100 0.0704276
42200 0.0704028
42300 0.0703783
42400 0.0703774
42500 0.0704706
42600 0.0705164
42700 0.0705386
42800 0.0706075
42900 0.0705827
43000 0.0705349
43100 0.070464
43200 0.0703935
43300 0.0702771
43400 0.0702765
43500 0.0702759
43600 0.0702523
43700 0.0702288
43800 0.0702055
43900 0.0701822
44000 0.0701818
44100 0.0701814
44200 0.0702036
44300 0.0702709
44400 0.0702252
44500 0.0702472
44600 0.0702242
44700 0.0702685
44800 0.0703571
44900 0.0703118
45000 0.0703556
45100 0.0703104
45200 0.0703761
45300 0.0703753
45400 0.0703745
45500 0.0704396
45600 0.0704605
45700 0.0704376
45800 0.0703712
45900 0.0704139
46000 0.0704348
46100 0.0704772
46200 0.0703896
46300 0.0704536
46400 0.0704095
46500 0.0705161
46600 0.0704721
46700 0.0704711
46800 0.0704701
46900 0.0704904
47000 0.070617
47100 0.0706369
47200 0.0705932
47300 0.070592
47400 0.070654
47500 0.0706737
47600 0.0706723
47700 0.070608
47800 0.0706904
47900 0.0706472
48000 0.0706458
48100 0.0706861
48200 0.0706846
48300 0.070766
48400 0.0707645
48500 0.0707216
48600 0.070679
48700 0.0706571
48800 0.0706352
48900 0.0706544
49000 0.0707143
49100 0.0706925
49200 0.0706707
49300 0.0706085
49400 0.070587
49500 0.0706061
49600 0.0706452
49700 0.0707243
49800 0.0706225
49900 0.0706212
50000 0.07062
50100 0.0705589
50200 0.0705578
50300 0.0706561
50400 0.0706944
50500 0.0706931
50600 0.0705731
50700 0.0706509
50800 0.070689
50900 0.0707073
51000 0.0706471
51100 0.0706849
51200 0.0706445
51300 0.0706628
51400 0.0706226
51500 0.0706214
51600 0.0706783
51700 0.0706576
51800 0.070695
51900 0.0707322
52000 0.0706923
52100 0.0707102
52200 0.0707088
52300 0.0706692
52400 0.0705916
52500 0.0705333
52600 0.0704943
52700 0.0703985
52800 0.0703788
52900 0.0703025
53000 0.0702642
53100 0.0703202
53200 0.0702256
53300 0.0701876
53400 0.0701685
53500 0.0701682
53600 0.0700933
53700 0.0700931
53800 0.0701115
53900 0.0700557
54000 0.07
54100 0.070037
54200 0.0699446
54300 0.0699448
54400 0.0699449
54500 0.0699083
54600 0.0698718
54700 0.0697806
54800 0.0698175
54900 0.069745
55000 0.0698
55100 0.0697822
55200 0.0697826
55300 0.0698372
55400 0.0698195
55500 0.0698559
55600 0.069946
55700 0.0699461
55800 0.0699462
55900 0.0699642
56000 0.0699464
56100 0.0699465
56200 0.0699466
56300 0.0699645
56400 0.0700532
56500 0.0701239
56600 0.0700883
56700 0.0700529
56800 0.0700352
56900 0.0701054
57000 0.0701228
57100 0.0700876
57200 0.0700699
57300 0.07
57400 0.0700348
57500 0.070087
57600 0.0700521
57700 0.0699827
57800 0.0699654
57900 0.0699136
58000 0.0699138
58100 0.0698795
58200 0.0698454
58300 0.0698799
58400 0.0699486
58500 0.0699316
58600 0.0699317
58700 0.0699489
58800 0.069915
58900 0.0698981
59000 0.0698814
59100 0.0698816
59200 0.0699155
59300 0.0699831
59400 0.0699495
59500 0.0700168
59600 0.0700839
59700 0.0700335
59800 0.0701003
59900 0.0700501
60000 0.0700333
60100 0.0700166
60200 0.0699834
60300 0.07
60400 0.0699669
60500 0.0700165
60600 0.069967
60700 0.0699341
60800 0.0698849
60900 0.0698358
61000 0.0698852
61100 0.0698691
61200 0.0699183
61300 0.0699184
61400 0.0699023
61500 0.069935
61600 0.0699026
61700 0.0699352
61800 0.0699515
61900 0.0699677
62000 0.07
62100 0.0699839
62200 0.07
62300 0.0700482
62400 0.0700641
62500 0.07008
62600 0.0700639
62700 0.0700797
62800 0.0700318
62900 0.0700159
63000 0.0700635
63100 0.0701426
63200 0.0700633
63300 0.0700316
63400 0.0700315
63500 0.0700945
63600 0.0700786
63700 0.0701413
63800 0.070094
63900 0.0701095
64000 0.0702031
64100 0.070234
64200 0.070296
64300 0.0702488
64400 0.070295
64500 0.0703256
64600 0.0703406
64700 0.0702937
64800 0.0702469
64900 0.0702311
65000 0.0702769
65100 0.0702919
65200 0.0702454
65300 0.0702603
65400 0.0702752
65500 0.0702443
65600 0.0701982
65700 0.0702131
65800 0.0701672
65900 0.0701669
66000 0.0701667
66100 0.0701967
66200 0.0702115
66300 0.0702112
66400 0.070256
66500 0.0702406
66600 0.0701952
66700 0.0702998
66800 0.0702844
66900 0.0703438
67000 0.0703731
67100 0.0703577
67200 0.070372
67300 0.0703863
67400 0.0703561
67500 0.0703259
67600 0.0703254
67700 0.0703397
67800 0.0703097
67900 0.0702798
68000 0.0702647
68100 0.070279
68200 0.0702786
68300 0.0702782
68400 0.0702924
68500 0.0703358
68600 0.0703207
68700 0.0702911
68800 0.0702471
68900 0.0702612
69000 0.0702319
69100 0.070246
69200 0.0702746
69300 0.0702453
69400 0.0702882
69500 0.0702878
69600 0.0702874
69700 0.0702439
69800 0.0702722
69900 0.0703147
70000 0.0702714
70100 0.0702996
70200 0.0703134
70300 0.0703129
70400 0.0702841
70500 0.070227
70600 0.070255
70700 0.0702263
70800 0.0702119
70900 0.0702821
71000 0.0702254
71100 0.0701547
71200 0.0700983
71300 0.0701403
71400 0.0702101
71500 0.0702098
71600 0.0701816
71700 0.0701674
71800 0.0701393
71900 0.0700834
72000 0.0700278
72100 0.0700139
72200 0.0699584
72300 0.0699308
72400 0.0699448
72500 0.0699724
72600 0.0699725
72700 0.0700413
72800 0.07
72900 0.07
73000 0.0699726
73100 0.0700547
73200 0.0700137
73300 0.0700409
73400 0.0700272
73500 0.0700816
73600 0.0700272
73700 0.0700814
73800 0.070122
73900 0.0701083
74000 0.0701757
74100 0.0701484
74200 0.0700943
74300 0.0701346
74400 0.0701882
74500 0.0701879
74600 0.0701206
74700 0.0700669
74800 0.0700802
74900 0.0701068
75000 0.0700933
75100 0.0701332
75200 0.0701463
75300 0.0701328
75400 0.0701592
75500 0.0701192
75600 0.0701323
75700 0.0701321
75800 0.0701187
75900 0.0701054
76000 0.0700921
76100 0.070092
76200 0.0701181
76300 0.0701573
76400 0.0701832
76500 0.0702222
76600 0.0702089
76700 0.0702216
76800 0.0701953
76900 0.0701951
77000 0.0701948
77100 0.0701686
77200 0.0701684
77300 0.0701294
77400 0.0701292
77500 0.0701419
77600 0.070116
77700 0.0700901
77800 0.0701414
77900 0.0701284
78000 0.0700641
78100 0.0700896
78200 0.0701023
78300 0.0700766
78400 0.0700893
78500 0.0701019
78600 0.0700891
78700 0.0700762
78800 0.0700888
78900 0.070076
79000 0.0700253
79100 0.07
79200 0.0700631
79300 0.0699874
79400 0.0699496
79500 0.0699748
79600 0.0700377
79700 0.0700376
79800 0.0700376
79900 0.0700375
80000 0.070075
80100 0.0700874
80200 0.0700374
80300 0.0700249
80400 0.0700124
80500 0.07
80600 0.0699876
80700 0.0699504
80800 0.0699134
80900 0.0699135
81000 0.0699383
81100 0.0699383
81200 0.0699631
81300 0.0699631
81400 0.0699263
81500 0.0699755
81600 0.07
81700 0.07
81800 0.0700122
81900 0.0700244
82000 0.0700122
82100 0.0700244
82200 0.0700243
82300 0.0699878
82400 0.0699636
82500 0.0699394
82600 0.069891
82700 0.0699033
82800 0.0699155
82900 0.0699276
83000 0.0699036
83100 0.0699398
83200 0.0699038
83300 0.069916
83400 0.069952
83500 0.0699042
83600 0.0698804
83700 0.0698686
83800 0.0698807
83900 0.0698689
84000 0.0698571
84100 0.069893
84200 0.0698575
84300 0.0698221
84400 0.0698104
84500 0.069787
84600 0.0698109
84700 0.0698111
84800 0.0698231
84900 0.0698351
85000 0.0698353
85100 0.0698355
85200 0.0698709
85300 0.0698476
85400 0.0698478
85500 0.069848
85600 0.0698481
85700 0.06979
85800 0.0697902
85900 0.0697905
86000 0.0697791
86100 0.0697793
86200 0.0698028
86300 0.0697682
86400 0.0697685
86500 0.0697803
86600 0.0697806
86700 0.0698039
86800 0.0697696
86900 0.0697468
87000 0.0697471
87100 0.0697359
87200 0.0697018
87300 0.0697022
87400 0.0697025
87500 0.06968
87600 0.0697603
87700 0.069772
87800 0.0697494
87900 0.0697838
88000 0.0697727
88100 0.0697616
88200 0.0697392
88300 0.0697735
88400 0.0697398
88500 0.0697627
88600 0.0697856
88700 0.0697745
88800 0.0697635
88900 0.0697525
89000 0.069764
89100 0.0697531
89200 0.0697197
89300 0.0696865
89400 0.0696644
89500 0.0696648
89600 0.0696652
89700 0.0696656
89800 0.0696437
89900 0.0696218
90000 0.0696111
90100 0.0695893
90200 0.0695676
90300 0.0695127
90400 0.0695133
90500 0.0694917
90600 0.0695033
90700 0.0695039
90800 0.0695044
90900 0.069505
91000 0.0695275
91100 0.0695499
91200 0.0695285
91300 0.0695509
91400 0.0695624
91500 0.0695738
91600 0.0695961
91700 0.0695747
91800 0.0695969
91900 0.0695865
92000 0.0696087
92100 0.0695765
92200 0.069577
92300 0.069545
92400 0.0694805
92500 0.0694703
92600 0.0694384
92700 0.0694067
92800 0.0693642
92900 0.0693757
93000 0.0694194
93100 0.0694522
93200 0.0694313
93300 0.0694427
93400 0.0694433
93500 0.0694545
93600 0.0694551
93700 0.069445
93800 0.0694136
93900 0.0694249
94000 0.0694468
94100 0.0694686
94200 0.0694692
94300 0.069438
94400 0.0693962
94500 0.0693757
94600 0.0693869
94700 0.0693981
94800 0.0693987
94900 0.0693888
95000 0.0693579
95100 0.0692955
95200 0.0693382
95300 0.0693599
95400 0.0693501
95500 0.0693298
95600 0.0693096
95700 0.0692894
95800 0.0693006
95900 0.0693222
96000 0.0692917
96100 0.069334
96200 0.0693243
96300 0.0692835
96400 0.069305
96500 0.0693161
96600 0.0693064
96700 0.0692865
96800 0.0692975
96900 0.0693498
97000 0.0693093
97100 0.06931
97200 0.0693004
97300 0.069332
97400 0.0693429
97500 0.0693333
97600 0.0693238
97700 0.0693142
97800 0.0693865
97900 0.0693973
98000 0.0693878
98100 0.0694292
98200 0.0694094
98300 0.0693896
98400 0.0694106
98500 0.0694416
98600 0.0694828
98700 0.0694934
98800 0.0694838
98900 0.0694641
99000 0.0694545
99100 0.0694551
99200 0.0694254
99300 0.0694058
99400 0.0693964
99500 0.0694171
99600 0.0694177
99700 0.0693681
99800 0.0694489
99900 0.0694695
