100 0.1
200 0.12
300 0.1
400 0.105
500 0.104
600 0.101667
700 0.105714
800 0.10375
900 0.0977778
1000 0.101
1100 0.104545
1200 0.1025
1300 0.1
1400 0.102857
1500 0.0993333
1600 0.0975
1700 0.0976471
1800 0.100556
1900 0.101053
2000 0.1015
2100 0.100476
2200 0.102727
2300 0.101739
2400 0.101667
2500 0.1004
2600 0.101923
2700 0.101111
2800 0.101071
2900 0.101724
3000 0.101333
3100 0.1
3200 0.100313
3300 0.099697
3400 0.100882
3500 0.0994286
3600 0.0991667
3700 0.0991892
3800 0.0981579
3900 0.0984615
4000 0.0995
4100 0.0997561
4200 0.1
4300 0.100698
4400 0.0993182
4500 0.1
4600 0.1
4700 0.0997872
4800 0.100625
4900 0.100816
5000 0.1006
5100 0.101569
5200 0.102115
5300 0.102642
5400 0.102778
5500 0.103818
5600 0.103036
5700 0.103684
5800 0.102759
5900 0.102881
6000 0.103167
6100 0.102623
6200 0.102581
6300 0.102381
6400 0.102656
6500 0.101846
6600 0.10197
6700 0.10194
6800 0.101765
6900 0.101304
7000 0.101286
7100 0.101549
7200 0.101111
7300 0.100822
7400 0.101351
7500 0.101867
7600 0.1025
7700 0.102078
7800 0.102051
7900 0.101519
8000 0.101625
8100 0.100864
8200 0.100854
8300 0.100602
8400 0.1
8500 0.1
8600 0.100581
8700 0.10069
8800 0.100227
8900 0.100787
9000 0.100444
9100 0.10033
9200 0.100109
9300 0.10043
9400 0.100638
9500 0.100737
9600 0.100729
9700 0.100722
9800 0.101327
9900 0.101111
10000 0.1011
10100 0.101584
10200 0.101765
10300 0.101942
10400 0.101731
10500 0.101905
10600 0.101887
10700 0.101869
10800 0.10213
10900 0.10211
11000 0.101909
11100 0.101982
11200 0.101339
11300 0.101504
11400 0.101316
11500 0.100957
11600 0.101207
11700 0.101197
11800 0.101102
11900 0.101345
12000 0.101417
12100 0.101653
12200 0.102049
12300 0.101951
12400 0.102177
12500 0.10224
12600 0.102381
12700 0.102677
12800 0.102812
12900 0.102636
13000 0.102692
13100 0.102672
13200 0.102424
13300 0.102857
13400 0.102985
13500 0.103259
13600 0.103015
13700 0.102774
13800 0.102681
13900 0.10259
14000 0.102643
14100 0.102837
14200 0.102887
14300 0.102657
14400 0.102569
14500 0.102828
14600 0.102397
14700 0.102449
14800 0.102432
14900 0.102617
15000 0.102867
15100 0.103311
15200 0.103355
15300 0.103399
15400 0.103636
15500 0.103742
15600 0.103654
15700 0.103503
15800 0.103608
15900 0.103459
16000 0.103625
16100 0.103416
16200 0.103519
16300 0.103252
16400 0.103049
16500 0.102667
16600 0.10253
16700 0.102515
16800 0.102619
16900 0.102308
17000 0.102529
17100 0.102749
17200 0.102442
17300 0.102312
17400 0.102184
17500 0.101943
17600 0.101705
17700 0.101582
17800 0.101685
17900 0.101732
18000 0.101556
18100 0.101768
18200 0.101813
18300 0.101858
18400 0.101902
18500 0.102108
18600 0.102204
18700 0.102299
18800 0.102234
18900 0.102487
19000 0.102947
19100 0.102984
19200 0.102865
19300 0.102591
19400 0.102371
19500 0.10241
19600 0.102704
19700 0.10264
19800 0.102475
19900 0.102513
20000 0.10235
20100 0.102488
20200 0.102525
20300 0.102365
20400 0.102304
20500 0.102488
20600 0.10267
20700 0.102754
20800 0.102788
20900 0.102632
21000 0.102571
21100 0.102607
21200 0.1025
21300 0.1023
21400 0.102383
21500 0.102326
21600 0.102176
21700 0.102212
21800 0.102385
21900 0.10242
22000 0.102364
22100 0.102579
22200 0.102432
22300 0.102332
22400 0.102321
22500 0.102267
22600 0.102212
22700 0.102247
22800 0.102018
22900 0.102271
23000 0.10213
23100 0.102208
23200 0.102284
23300 0.102017
23400 0.102094
23500 0.102
23600 0.101907
23700 0.101899
23800 0.102059
23900 0.101925
24000 0.102042
24100 0.102199
24200 0.102107
24300 0.102016
24400 0.102008
24500 0.101918
24600 0.102073
24700 0.102105
24800 0.102056
24900 0.102129
25000 0.102
25100 0.101952
25200 0.102103
25300 0.101976
25400 0.101811
25500 0.101882
25600 0.101914
25700 0.101946
25800 0.101938
25900 0.101892
26000 0.101885
26100 0.101724
26200 0.101718
26300 0.101597
26400 0.101742
26500 0.101547
26600 0.101391
26700 0.101236
26800 0.101119
26900 0.10119
27000 0.101185
27100 0.101292
27200 0.101287
27300 0.101355
27400 0.101387
27500 0.101418
27600 0.101232
27700 0.101336
27800 0.101295
27900 0.10147
28000 0.101357
28100 0.101388
28200 0.101348
28300 0.101272
28400 0.101303
28500 0.101404
28600 0.101329
28700 0.101394
28800 0.101528
28900 0.101592
29000 0.101621
29100 0.101718
29200 0.101712
29300 0.101809
29400 0.101973
29500 0.102034
29600 0.102162
29700 0.10202
29800 0.101846
29900 0.101906
30000 0.101967
30100 0.102027
30200 0.10202
30300 0.10198
30400 0.101842
30500 0.101869
30600 0.101765
30700 0.101661
30800 0.101656
30900 0.101586
31000 0.101516
31100 0.101511
31200 0.101378
31300 0.101342
31400 0.101115
31500 0.101111
31600 0.101108
31700 0.101073
31800 0.101101
31900 0.101411
32000 0.101438
32100 0.101526
32200 0.101646
32300 0.10161
32400 0.101574
32500 0.101415
32600 0.101258
32700 0.101223
32800 0.101128
32900 0.101033
33000 0.10097
33100 0.100846
33200 0.100843
33300 0.100751
33400 0.100569
33500 0.100448
33600 0.100238
33700 0.1
33800 0.100089
33900 0.100059
34000 0.1
34100 0.100059
34200 0.100088
34300 0.0999708
34400 0.1
34500 0.099942
34600 0.0998555
34700 0.0997983
34800 0.0997126
34900 0.0996275
35000 0.0995714
35100 0.0996866
35200 0.099858
35300 0.0999717
35400 0.0998588
35500 0.0998028
35600 0.099691
35700 0.0995518
35800 0.0995251
35900 0.0995265
36000 0.0994722
36100 0.0996122
36200 0.0996409
36300 0.0995041
36400 0.0995604
36500 0.0995068
36600 0.0995355
36700 0.0994823
36800 0.0995652
36900 0.099458
37000 0.0995405
37100 0.0995418
37200 0.0994624
37300 0.0994102
37400 0.0994118
37500 0.0994133
37600 0.0993617
37700 0.0993103
37800 0.0994709
37900 0.0994723
38000 0.0995526
38100 0.0995276
38200 0.099555
38300 0.0996084
38400 0.0995312
38500 0.0994545
38600 0.0993782
38700 0.0994057
38800 0.0995361
38900 0.0994859
39000 0.0994103
39100 0.099335
39200 0.0993622
39300 0.0994656
39400 0.0993401
39500 0.0994177
39600 0.0994444
39700 0.099471
39800 0.0994472
39900 0.0994236
40000 0.099375
40100 0.0994015
40200 0.0994776
40300 0.0995533
40400 0.0995297
40500 0.0995309
40600 0.0993842
40700 0.0994349
40800 0.0994363
40900 0.0993643
41000 0.0994146
41100 0.0993917
41200 0.0993447
41300 0.099201
41400 0.099372
41500 0.0993012
41600 0.0992788
41700 0.0993046
41800 0.0993541
41900 0.0993317
42000 0.099381
42100 0.0993587
42200 0.0993365
42300 0.0992908
42400 0.099316
42500 0.0994118
42600 0.0994601
42700 0.0995082
42800 0.0996495
42900 0.0995804
43000 0.0994884
43100 0.0993735
43200 0.0993056
43300 0.0992379
43400 0.0991936
43500 0.0992184
43600 0.0992661
43700 0.0992677
43800 0.0992237
43900 0.09918
44000 0.0991818
44100 0.099229
44200 0.0992534
44300 0.0993454
44400 0.0992568
44500 0.0993034
44600 0.0992601
44700 0.0993512
44800 0.099442
44900 0.0993541
45000 0.0994222
45100 0.0994013
45200 0.0994248
45300 0.0993819
45400 0.0993392
45500 0.0993407
45600 0.0994298
45700 0.099453
45800 0.0994105
45900 0.0994553
46000 0.0994783
46100 0.0995445
46200 0.0994372
46300 0.09946
46400 0.0994612
46500 0.0995484
46600 0.0995064
46700 0.0994861
46800 0.0994658
46900 0.0995949
47000 0.0996596
47100 0.0997452
47200 0.0997458
47300 0.0997886
47400 0.0998523
47500 0.0998105
47600 0.0998529
47700 0.0998532
47800 0.0998954
47900 0.0998121
48000 0.0998125
48100 0.0998129
48200 0.0998133
48300 0.0998551
48400 0.0998347
48500 0.0997732
48600 0.0997119
48700 0.099692
48800 0.0996516
48900 0.0996523
49000 0.0997143
49100 0.0996334
49200 0.0995732
49300 0.0994929
49400 0.0994332
49500 0.0994343
49600 0.0994153
49700 0.0995573
49800 0.0994378
49900 0.0994389
50000 0.09944
50100 0.0993812
50200 0.0993426
50300 0.0994036
50400 0.0994048
50500 0.0993663
50600 0.0992688
50700 0.099428
50800 0.0994488
50900 0.0994499
51000 0.0993922
51100 0.0994129
51200 0.099375
51300 0.0993762
51400 0.0993969
51500 0.0993786
51600 0.0994767
51700 0.0994391
51800 0.0994595
51900 0.0994605
52000 0.0994423
52100 0.0994242
52200 0.0994444
52300 0.0994073
52400 0.0993321
52500 0.0992571
52600 0.0991635
52700 0.0990512
52800 0.0990152
52900 0.0989414
53000 0.0988868
53100 0.0989454
53200 0.0988722
53300 0.0988368
53400 0.0988015
53500 0.0987851
53600 0.0987313
53700 0.0986965
53800 0.0987175
53900 0.0986085
54000 0.0985926
54100 0.0986876
54200 0.0985793
54300 0.098582
54400 0.0985846
54500 0.0985138
54600 0.0984615
54700 0.0983912
54800 0.0984672
54900 0.0984517
55000 0.0985273
55100 0.0985118
55200 0.0985326
55300 0.0985353
55400 0.0985379
55500 0.0985946
55600 0.0986871
55700 0.0986715
55800 0.0987097
55900 0.0986762
56000 0.0987321
56100 0.0986809
56200 0.0987189
56300 0.0987744
56400 0.0988298
56500 0.0989204
56600 0.0988339
56700 0.0988007
56800 0.0988028
56900 0.0989631
57000 0.0991053
57100 0.0990543
57200 0.0990385
57300 0.0989878
57400 0.0990418
57500 0.0991304
57600 0.0991319
57700 0.0990815
57800 0.0991176
57900 0.0991364
58000 0.0991552
58100 0.0991222
58200 0.0990893
58300 0.0990909
58400 0.0991781
58500 0.0991453
58600 0.0991126
58700 0.0991141
58800 0.0990646
58900 0.0990492
59000 0.0990169
59100 0.0989679
59200 0.0990203
59300 0.0990725
59400 0.0990741
59500 0.0991597
59600 0.0991946
59700 0.0991457
59800 0.0991806
59900 0.0991486
60000 0.0991333
60100 0.0991181
60200 0.0991196
60300 0.0991376
60400 0.099106
60500 0.0991405
60600 0.0991254
60700 0.0991598
60800 0.0991118
60900 0.0990969
61000 0.0991967
61100 0.0991817
61200 0.0992157
61300 0.0991843
61400 0.0991857
61500 0.099187
61600 0.0991721
61700 0.0991734
61800 0.0991586
61900 0.0992084
62000 0.0992419
62100 0.0992109
62200 0.0992122
62300 0.0992456
62400 0.0992788
62500 0.099344
62600 0.0994249
62700 0.0994099
62800 0.0994586
62900 0.0994436
63000 0.0994603
63100 0.0995563
63200 0.0994937
63300 0.0994787
63400 0.0994637
63500 0.0995276
63600 0.0994654
63700 0.099529
63800 0.0994828
63900 0.0994836
64000 0.0995625
64100 0.09961
64200 0.0996417
64300 0.0996112
64400 0.0996739
64500 0.0996899
64600 0.0997214
64700 0.0996909
64800 0.0996142
64900 0.099584
65000 0.0996615
65100 0.0997389
65200 0.0996933
65300 0.0997397
65400 0.0997706
65500 0.0998779
65600 0.0998171
65700 0.0998478
65800 0.0997872
65900 0.0997724
66000 0.099803
66100 0.0998487
66200 0.0998338
66300 0.0998492
66400 0.0998645
66500 0.0998195
66600 0.0997748
66700 0.0998801
66800 0.0998802
66900 0.0999402
67000 0.0999701
67100 0.0999553
67200 0.0999554
67300 0.0999406
67400 0.099911
67500 0.0998667
67600 0.0998521
67700 0.0999114
67800 0.0998673
67900 0.0998527
68000 0.0998382
68100 0.0998532
68200 0.0998534
68300 0.0998097
68400 0.0998099
68500 0.0999124
68600 0.099898
68700 0.0999127
68800 0.0998546
68900 0.0998694
69000 0.0998696
69100 0.0998553
69200 0.0998699
69300 0.099798
69400 0.0998271
69500 0.0998417
69600 0.0998563
69700 0.0998135
69800 0.0998424
69900 0.0998856
70000 0.0998
70100 0.0998288
70200 0.0998006
70300 0.0998151
70400 0.0998011
70500 0.099773
70600 0.0998442
70700 0.0998303
70800 0.099774
70900 0.0999013
71000 0.0998592
71100 0.099789
71200 0.0997472
71300 0.0997756
71400 0.0998459
71500 0.0998462
71600 0.0997765
71700 0.099749
71800 0.0997214
71900 0.0996384
72000 0.0996667
72100 0.0996255
72200 0.0995706
72300 0.0995436
72400 0.0995304
72500 0.099531
72600 0.0995592
72700 0.0996699
72800 0.0996291
72900 0.0996159
73000 0.0996027
73100 0.0996854
73200 0.0996448
73300 0.0996862
73400 0.0997139
73500 0.0997823
73600 0.0997283
73700 0.0997693
73800 0.0998374
73900 0.0998241
74000 0.0999189
74100 0.0998785
74200 0.0998383
74300 0.0998654
74400 0.0999059
74500 0.0998926
74600 0.0997989
74700 0.0997189
74800 0.0997861
74900 0.0998264
75000 0.0998133
75100 0.0999334
75200 0.0999468
75300 0.0999336
75400 0.0999602
75500 0.099894
75600 0.0999339
75700 0.099934
75800 0.0999077
75900 0.0998814
76000 0.0998553
76100 0.0998817
76200 0.0999081
76300 0.0999738
76400 0.100013
76500 0.100026
76600 0.100026
76700 0.100052
76800 0.100013
76900 0.1
77000 0.100013
77100 0.100013
77200 0.100013
77300 0.0999871
77400 0.0999742
77500 0.0999484
77600 0.0999356
77700 0.0999485
77800 0.0999614
77900 0.099923
78000 0.0998846
78100 0.0999488
78200 0.0999361
78300 0.0998978
78400 0.099898
78500 0.0998981
78600 0.0999109
78700 0.0998856
78800 0.0998731
78900 0.0998352
79000 0.0997848
79100 0.0998104
79200 0.099899
79300 0.0998361
79400 0.0997859
79500 0.0997987
79600 0.0998367
79700 0.0998243
79800 0.0998371
79900 0.0998123
80000 0.0999
80100 0.0999251
80200 0.0999127
80300 0.0999377
80400 0.0999005
80500 0.0998882
80600 0.0999007
80700 0.0998389
80800 0.0997772
80900 0.0997899
81000 0.0998272
81100 0.099815
81200 0.0998399
81300 0.0998647
81400 0.0998157
81500 0.0998405
81600 0.0998284
81700 0.0998286
81800 0.0998044
81900 0.0997924
82000 0.0997683
82100 0.0997564
82200 0.0997567
82300 0.0996962
82400 0.0996602
82500 0.0996485
82600 0.0996005
82700 0.0996131
82800 0.0996498
82900 0.0996502
83000 0.0996265
83100 0.0996631
83200 0.0996635
83300 0.0996639
83400 0.0997122
83500 0.0996287
83600 0.0995813
83700 0.0995818
83800 0.0996062
83900 0.0995948
84000 0.0995833
84100 0.0996195
84200 0.0995962
84300 0.0995374
84400 0.0995379
84500 0.0995503
84600 0.0995508
84700 0.0995514
84800 0.0995873
84900 0.099576
85000 0.0996118
85100 0.0996122
85200 0.0996362
85300 0.0996014
85400 0.0995785
85500 0.0995789
85600 0.0995561
85700 0.0995099
85800 0.0994988
85900 0.0994761
86000 0.0994535
86100 0.0994541
86200 0.0995012
86300 0.099467
86400 0.0994676
86500 0.0994682
86600 0.0994573
86700 0.0995156
86800 0.0994585
86900 0.0994361
87000 0.0994368
87100 0.0994259
87200 0.0993807
87300 0.0993471
87400 0.0993364
87500 0.0993257
87600 0.0994521
87700 0.0994413
87800 0.0994305
87900 0.0994653
88000 0.0994545
88100 0.0994665
88200 0.0994444
88300 0.0994677
88400 0.099457
88500 0.0994463
88600 0.0994582
88700 0.0994476
88800 0.0994369
88900 0.0994151
89000 0.0994157
89100 0.0994164
89200 0.0994283
89300 0.0993841
89400 0.0994072
89500 0.099419
89600 0.0993973
89700 0.0994203
89800 0.0993875
89900 0.099366
90000 0.0993778
90100 0.099323
90200 0.0992905
90300 0.0992913
90400 0.099281
90500 0.0992707
90600 0.0992936
90700 0.0993275
90800 0.0993172
90900 0.0993179
91000 0.0993187
91100 0.0993194
91200 0.0992982
91300 0.0993209
91400 0.0993545
91500 0.0993661
91600 0.0993996
91700 0.0993784
91800 0.0994118
91900 0.0993906
92000 0.0993913
92100 0.0993485
92200 0.0993384
92300 0.0992958
92400 0.0992424
92500 0.0992324
92600 0.0992225
92700 0.0991802
92800 0.0991379
92900 0.0991712
93000 0.0992258
93100 0.0992589
93200 0.0992275
93300 0.0992497
93400 0.0992291
93500 0.0992192
93600 0.0992094
93700 0.0992209
93800 0.0991578
93900 0.0991374
94000 0.0991277
94100 0.0991924
94200 0.0991826
94300 0.099141
94400 0.0991208
94500 0.09909
94600 0.0991015
94700 0.0991024
94800 0.0991034
94900 0.0990727
95000 0.0990632
95100 0.099001
95200 0.0990231
95300 0.0990346
95400 0.0990356
95500 0.0990157
95600 0.0990167
95700 0.098976
95800 0.0989666
95900 0.0989885
96000 0.0989271
96100 0.0989386
96200 0.0988981
96300 0.0988474
96400 0.0988485
96500 0.0988808
96600 0.0988716
96700 0.0988418
96800 0.098843
96900 0.0988854
97000 0.0988351
97100 0.0988465
97200 0.0988169
97300 0.0988695
97400 0.0988809
97500 0.0988718
97600 0.0988422
97700 0.0988434
97800 0.0989468
97900 0.0989683
98000 0.0989286
98100 0.0989908
98200 0.0989409
98300 0.0989217
98400 0.0989329
98500 0.0989645
98600 0.0989858
98700 0.0990274
98800 0.0990283
98900 0.0990091
99000 0.0989899
99100 0.0989808
99200 0.0989415
99300 0.0989225
99400 0.0989537
99500 0.0989548
99600 0.0989458
99700 0.0989167
99800 0.098988
99900 0.099019
