100 0.51
200 0.525
300 0.516667
400 0.5025
500 0.518
600 0.52
700 0.52
800 0.51625
900 0.504444
1000 0.505
1100 0.497273
1200 0.4975
1300 0.494615
1400 0.498571
1500 0.493333
1600 0.489375
1700 0.491765
1800 0.489444
1900 0.486842
2000 0.4865
2100 0.483333
2200 0.487727
2300 0.486087
2400 0.485
2500 0.4876
2600 0.491538
2700 0.493333
2800 0.4975
2900 0.498966
3000 0.498333
3100 0.498387
3200 0.497813
3300 0.499091
3400 0.501176
3500 0.501429
3600 0.501389
3700 0.501622
3800 0.499474
3900 0.498718
4000 0.499
4100 0.49878
4200 0.498571
4300 0.500233
4400 0.500455
4500 0.500667
4600 0.500435
4700 0.499787
4800 0.498333
4900 0.498571
5000 0.4986
5100 0.498824
5200 0.499615
5300 0.499623
5400 0.499815
5500 0.500364
5600 0.499643
5700 0.499474
5800 0.5
5900 0.498983
6000 0.499
6100 0.499508
6200 0.498226
6300 0.499048
6400 0.500938
6500 0.500615
6600 0.499848
6700 0.500448
6800 0.500294
6900 0.50029
7000 0.500857
7100 0.501127
7200 0.499444
7300 0.499041
7400 0.50027
7500 0.5004
7600 0.500658
7700 0.501169
7800 0.502308
7900 0.501392
8000 0.501
8100 0.499383
8200 0.500122
8300 0.50012
8400 0.499524
8500 0.500118
8600 0.499535
8700 0.498851
8800 0.498409
8900 0.498427
9000 0.499333
9100 0.499231
9200 0.499022
9300 0.498925
9400 0.499574
9500 0.499579
9600 0.499687
9700 0.499278
9800 0.49949
9900 0.500202
10000 0.5011
10100 0.501584
10200 0.501275
10300 0.501456
10400 0.500962
10500 0.501333
10600 0.501132
10700 0.500935
10800 0.500741
10900 0.500917
11000 0.500727
11100 0.501441
11200 0.500357
11300 0.500619
11400 0.500351
11500 0.500261
11600 0.501207
11700 0.501709
11800 0.501864
11900 0.501933
12000 0.502167
12100 0.502231
12200 0.501967
12300 0.502602
12400 0.502823
12500 0.50344
12600 0.504286
12700 0.504094
12800 0.504141
12900 0.503643
13000 0.503538
13100 0.504122
13200 0.503864
13300 0.503383
13400 0.503731
13500 0.503778
13600 0.503529
13700 0.503504
13800 0.503551
13900 0.503597
14000 0.503429
14100 0.503121
14200 0.503169
14300 0.502937
14400 0.503264
14500 0.503931
14600 0.503699
14700 0.503605
14800 0.504054
14900 0.504027
15000 0.5044
15100 0.504172
15200 0.504342
15300 0.504771
15400 0.50539
15500 0.505355
15600 0.504808
15700 0.504459
15800 0.504494
15900 0.505031
16000 0.50525
16100 0.504596
16200 0.504198
16300 0.504356
16400 0.503232
16500 0.503273
16600 0.503313
16700 0.503413
16800 0.503333
16900 0.503195
17000 0.503647
17100 0.50386
17200 0.503837
17300 0.503988
17400 0.503621
17500 0.503371
17600 0.503409
17700 0.503051
17800 0.502753
17900 0.502849
18000 0.502667
18100 0.503315
18200 0.503242
18300 0.503169
18400 0.503424
18500 0.503459
18600 0.503763
18700 0.503476
18800 0.502606
18900 0.502963
19000 0.503368
19100 0.503456
19200 0.503854
19300 0.503575
19400 0.503402
19500 0.503487
19600 0.503673
19700 0.503503
19800 0.50303
19900 0.503116
20000 0.50325
20100 0.503781
20200 0.503317
20300 0.503202
20400 0.503284
20500 0.503366
20600 0.503301
20700 0.503623
20800 0.503365
20900 0.503493
21000 0.503476
21100 0.503365
21200 0.503349
21300 0.503427
21400 0.503505
21500 0.503209
21600 0.503287
21700 0.503318
21800 0.50367
21900 0.50379
22000 0.503636
22100 0.503756
22200 0.503649
22300 0.503453
22400 0.503304
22500 0.503422
22600 0.503894
22700 0.503568
22800 0.503246
22900 0.503362
23000 0.503174
23100 0.503506
23200 0.503491
23300 0.503648
23400 0.503675
23500 0.50383
23600 0.503898
23700 0.504008
23800 0.504454
23900 0.504351
24000 0.504375
24100 0.504025
24200 0.504008
24300 0.504074
24400 0.503934
24500 0.503918
24600 0.504268
24700 0.50417
24800 0.504073
24900 0.504498
25000 0.5044
25100 0.504542
25200 0.504921
25300 0.504743
25400 0.504685
25500 0.50498
25600 0.504961
25700 0.504942
25800 0.505
25900 0.504942
26000 0.505038
26100 0.504981
26200 0.504809
26300 0.504829
26400 0.504583
26500 0.504679
26600 0.504399
26700 0.504157
26800 0.50403
26900 0.504238
27000 0.504259
27100 0.504428
27200 0.504412
27300 0.504029
27400 0.504197
27500 0.504218
27600 0.503949
27700 0.504007
27800 0.503921
27900 0.504158
28000 0.503964
28100 0.503843
28200 0.50422
28300 0.504099
28400 0.504049
28500 0.504211
28600 0.504126
28700 0.504077
28800 0.504132
28900 0.50391
29000 0.503897
29100 0.504021
29200 0.503767
29300 0.50372
29400 0.503571
29500 0.503593
29600 0.503615
29700 0.503704
29800 0.503557
29900 0.503411
30000 0.503433
30100 0.503422
30200 0.503411
30300 0.503333
30400 0.503388
30500 0.503344
30600 0.503366
30700 0.503322
30800 0.503312
30900 0.503333
31000 0.503355
31100 0.503505
31200 0.503173
31300 0.503099
31400 0.503089
31500 0.503016
31600 0.502848
31700 0.502776
31800 0.50283
31900 0.502759
32000 0.502875
32100 0.502959
32200 0.503199
32300 0.503251
32400 0.503117
32500 0.503015
32600 0.50316
32700 0.502752
32800 0.502805
32900 0.502462
33000 0.502485
33100 0.502356
33200 0.50247
33300 0.502252
33400 0.502275
33500 0.502269
33600 0.502262
33700 0.502018
33800 0.502041
33900 0.501947
34000 0.501882
34100 0.502023
34200 0.50193
34300 0.501866
34400 0.501919
34500 0.501913
34600 0.501676
34700 0.501297
34800 0.501465
34900 0.501261
35000 0.501
35100 0.501083
35200 0.501335
35300 0.50153
35400 0.501582
35500 0.501606
35600 0.501517
35700 0.501541
35800 0.501676
35900 0.501671
36000 0.501417
36100 0.501496
36200 0.501409
36300 0.501515
36400 0.501648
36500 0.501452
36600 0.501585
36700 0.501553
36800 0.501576
36900 0.501545
37000 0.501595
37100 0.501482
37200 0.501344
37300 0.501394
37400 0.50139
37500 0.50128
37600 0.50125
37700 0.501247
37800 0.501296
37900 0.501214
38000 0.501211
38100 0.501417
38200 0.501361
38300 0.501332
38400 0.501224
38500 0.501169
38600 0.501218
38700 0.501137
38800 0.501237
38900 0.501362
39000 0.501359
39100 0.501407
39200 0.501454
39300 0.501374
39400 0.501168
39500 0.501089
39600 0.501086
39700 0.501008
39800 0.500829
39900 0.500877
40000 0.500675
40100 0.500773
40200 0.500697
40300 0.500571
40400 0.500594
40500 0.500444
40600 0.50032
40700 0.500344
40800 0.500319
40900 0.500416
41000 0.500415
41100 0.500268
41200 0.50034
41300 0.500387
41400 0.500507
41500 0.500482
41600 0.500288
41700 0.500336
41800 0.500407
41900 0.500525
42000 0.500548
42100 0.500594
42200 0.500379
42300 0.500355
42400 0.500283
42500 0.500541
42600 0.500423
42700 0.500468
42800 0.500514
42900 0.50042
43000 0.500302
43100 0.500116
43200 0.5
43300 0.500139
43400 0.500092
43500 0.500046
43600 0.500367
43700 0.50032
43800 0.500434
43900 0.50041
44000 0.500591
44100 0.500658
44200 0.500588
44300 0.5007
44400 0.500631
44500 0.500562
44600 0.500516
44700 0.50047
44800 0.500714
44900 0.500735
45000 0.500778
45100 0.500532
45200 0.500509
45300 0.500397
45400 0.500441
45500 0.500571
45600 0.500724
45700 0.500788
45800 0.500742
45900 0.50085
46000 0.500826
46100 0.500846
46200 0.500822
46300 0.500907
46400 0.50097
46500 0.501011
46600 0.501266
46700 0.501285
46800 0.501068
46900 0.501066
47000 0.501043
47100 0.500998
47200 0.500847
47300 0.500846
47400 0.500907
47500 0.501032
47600 0.50105
47700 0.500901
47800 0.500837
47900 0.500835
48000 0.500979
48100 0.500832
48200 0.500809
48300 0.500704
48400 0.500579
48500 0.500454
48600 0.500597
48700 0.500575
48800 0.500594
48900 0.500573
49000 0.500592
49100 0.50055
49200 0.500589
49300 0.500467
49400 0.500506
49500 0.500545
49600 0.500484
49700 0.500584
49800 0.500502
49900 0.500501
50000 0.50056
50100 0.500619
50200 0.500518
50300 0.500577
50400 0.500496
50500 0.500515
50600 0.500494
50700 0.50073
50800 0.500827
50900 0.500963
51000 0.50102
51100 0.501018
51200 0.500938
51300 0.500877
51400 0.500953
51500 0.500893
51600 0.50095
51700 0.50087
51800 0.501004
51900 0.500944
52000 0.500865
52100 0.500806
52200 0.500824
52300 0.500784
52400 0.500897
52500 0.500686
52600 0.500703
52700 0.500664
52800 0.500701
52900 0.500567
53000 0.500566
53100 0.500546
53200 0.500564
53300 0.500694
53400 0.500824
53500 0.500766
53600 0.500821
53700 0.500857
53800 0.500725
53900 0.500742
54000 0.500722
54100 0.500684
54200 0.500701
54300 0.500737
54400 0.500754
54500 0.500862
54600 0.500788
54700 0.500841
54800 0.500839
54900 0.50071
55000 0.500782
55100 0.500817
55200 0.500688
55300 0.500832
55400 0.500866
55500 0.500775
55600 0.500917
55700 0.50079
55800 0.500771
55900 0.500805
56000 0.500804
56100 0.50082
56200 0.500712
56300 0.50071
56400 0.500762
56500 0.500832
56600 0.500848
56700 0.500723
56800 0.500669
56900 0.500861
57000 0.500737
57100 0.500806
57200 0.500804
57300 0.500785
57400 0.500889
57500 0.500852
57600 0.500938
57700 0.500953
57800 0.500952
57900 0.501071
58000 0.501138
58100 0.501067
58200 0.501065
58300 0.501081
58400 0.501096
58500 0.501026
58600 0.501109
58700 0.501141
58800 0.501258
58900 0.501273
59000 0.501153
59100 0.501032
59200 0.500997
59300 0.501062
59400 0.501094
59500 0.50116
59600 0.501175
59700 0.501223
59800 0.501237
59900 0.501352
60000 0.501267
60100 0.501248
60200 0.501196
60300 0.501128
60400 0.501159
60500 0.50124
60600 0.501238
60700 0.501334
60800 0.501283
60900 0.501215
61000 0.50123
61100 0.501146
61200 0.501209
61300 0.501126
61400 0.501189
61500 0.501187
61600 0.501201
61700 0.50128
61800 0.501246
61900 0.501341
62000 0.501403
62100 0.501417
62200 0.501415
62300 0.50138
62400 0.50125
62500 0.501296
62600 0.50131
62700 0.501404
62800 0.501465
62900 0.50151
63000 0.50154
63100 0.501537
63200 0.501345
63300 0.501359
63400 0.501293
63500 0.50148
63600 0.501509
63700 0.50157
63800 0.501552
63900 0.501565
64000 0.501609
64100 0.501576
64200 0.501635
64300 0.50182
64400 0.501786
64500 0.501953
64600 0.50195
64700 0.502071
64800 0.501991
64900 0.501988
65000 0.502108
65100 0.502104
65200 0.502055
65300 0.502083
65400 0.50211
65500 0.502183
65600 0.50218
65700 0.502146
65800 0.502173
65900 0.502124
66000 0.502197
66100 0.502224
66200 0.50219
66300 0.502232
66400 0.502334
66500 0.502466
66600 0.502297
66700 0.502354
66800 0.50241
66900 0.502481
67000 0.502507
67100 0.502504
67200 0.50244
67300 0.502481
67400 0.502522
67500 0.502533
67600 0.50247
67700 0.50257
67800 0.502566
67900 0.502504
68000 0.502426
68100 0.502511
68200 0.502449
68300 0.502313
68400 0.502339
68500 0.502394
68600 0.502449
68700 0.502358
68800 0.502267
68900 0.502279
69000 0.502348
69100 0.502402
69200 0.50237
69300 0.50228
69400 0.502233
69500 0.502273
69600 0.502256
69700 0.502209
69800 0.502221
69900 0.502232
70000 0.502157
70100 0.502111
70200 0.502066
70300 0.50202
70400 0.502003
70500 0.501972
70600 0.502025
70700 0.502008
70800 0.501963
70900 0.502102
71000 0.502099
71100 0.50211
71200 0.502205
71300 0.502104
71400 0.502129
71500 0.502224
71600 0.502207
71700 0.502176
71800 0.502103
71900 0.501961
72000 0.501944
72100 0.501789
72200 0.501704
72300 0.501687
72400 0.501782
72500 0.501765
72600 0.501804
72700 0.501761
72800 0.501717
72900 0.501536
73000 0.501562
73100 0.501559
73200 0.501598
73300 0.501637
73400 0.501621
73500 0.501769
73600 0.501671
73700 0.501737
73800 0.501843
73900 0.501651
74000 0.501743
74100 0.501646
74200 0.501685
74300 0.501736
74400 0.501734
74500 0.501678
74600 0.501756
74700 0.501794
74800 0.501805
74900 0.501842
75000 0.50184
75100 0.501997
75200 0.502061
75300 0.502019
75400 0.502135
75500 0.502119
75600 0.502103
75700 0.501995
75800 0.501821
75900 0.501686
76000 0.501737
76100 0.501721
76200 0.501693
76300 0.50173
76400 0.501806
76500 0.501725
76600 0.501828
76700 0.501825
76800 0.501953
76900 0.501886
77000 0.501922
77100 0.501907
77200 0.501839
77300 0.501798
77400 0.501938
77500 0.501884
77600 0.50201
77700 0.502046
77800 0.501992
77900 0.502015
78000 0.501962
78100 0.501985
78200 0.501957
78300 0.501852
78400 0.501862
78500 0.501834
78600 0.501743
78700 0.501779
78800 0.501777
78900 0.501698
79000 0.501671
79100 0.501606
79200 0.50173
79300 0.501677
79400 0.501499
79500 0.501497
79600 0.50147
79700 0.501506
79800 0.501592
79900 0.501702
80000 0.501825
80100 0.501923
80200 0.501933
80300 0.502005
80400 0.50199
80500 0.501913
80600 0.50206
80700 0.501958
80800 0.501968
80900 0.501941
81000 0.502012
81100 0.501998
81200 0.50202
81300 0.502079
81400 0.502076
81500 0.502074
81600 0.50212
81700 0.502142
81800 0.502103
81900 0.502015
82000 0.502
82100 0.502083
82200 0.50208
82300 0.502053
82400 0.501942
82500 0.501879
82600 0.501901
82700 0.50185
82800 0.50186
82900 0.501894
83000 0.501976
83100 0.50201
83200 0.501971
83300 0.501933
83400 0.501918
83500 0.501904
83600 0.501818
83700 0.501816
83800 0.501862
83900 0.501931
84000 0.501929
84100 0.501962
84200 0.501936
84300 0.501862
84400 0.501848
84500 0.501811
84600 0.501785
84700 0.501806
84800 0.501769
84900 0.501684
85000 0.501859
85100 0.50188
85200 0.501866
85300 0.501887
85400 0.501944
85500 0.502
85600 0.502021
85700 0.502007
85800 0.502075
85900 0.502095
86000 0.502151
86100 0.502114
86200 0.502123
86300 0.502144
86400 0.502153
86500 0.502208
86600 0.502206
86700 0.502168
86800 0.502154
86900 0.502094
87000 0.502149
87100 0.502124
87200 0.502122
87300 0.502131
87400 0.502162
87500 0.502137
87600 0.502192
87700 0.502178
87800 0.502187
87900 0.502207
88000 0.502136
88100 0.502123
88200 0.502029
88300 0.502072
88400 0.502115
88500 0.502102
88600 0.502133
88700 0.502142
88800 0.502117
88900 0.502059
89000 0.502067
89100 0.501998
89200 0.501928
89300 0.501993
89400 0.501935
89500 0.502022
89600 0.502042
89700 0.502018
89800 0.501982
89900 0.501935
90000 0.501956
90100 0.501987
90200 0.501984
90300 0.502038
90400 0.502046
90500 0.502011
90600 0.502031
90700 0.50204
90800 0.502115
90900 0.502046
91000 0.502121
91100 0.502053
91200 0.501985
91300 0.501917
91400 0.501969
91500 0.501934
91600 0.501943
91700 0.501963
91800 0.502015
91900 0.50198
92000 0.502022
92100 0.502041
92200 0.50205
92300 0.502037
92400 0.501981
92500 0.501989
92600 0.502052
92700 0.501985
92800 0.502047
92900 0.502056
93000 0.502151
93100 0.50217
93200 0.502221
93300 0.502219
93400 0.502206
93500 0.502203
93600 0.502158
93700 0.502156
93800 0.502111
93900 0.502066
94000 0.502032
94100 0.502093
94200 0.502038
94300 0.502015
94400 0.502055
94500 0.502
94600 0.501871
94700 0.501932
94800 0.501994
94900 0.50196
95000 0.502063
95100 0.501977
95200 0.502038
95300 0.502046
95400 0.502065
95500 0.502042
95600 0.501987
95700 0.501964
95800 0.502015
95900 0.501981
96000 0.50199
96100 0.501956
96200 0.501933
96300 0.501921
96400 0.50195
96500 0.501979
96600 0.502029
96700 0.502079
96800 0.502056
96900 0.502136
97000 0.502093
97100 0.502142
97200 0.502202
97300 0.50224
97400 0.502218
97500 0.502246
97600 0.502152
97700 0.502119
97800 0.502219
97900 0.502196
98000 0.502194
98100 0.502171
98200 0.502179
98300 0.502187
98400 0.502165
98500 0.502152
98600 0.50217
98700 0.502209
98800 0.502217
98900 0.502194
99000 0.502283
99100 0.502291
99200 0.502268
99300 0.502216
99400 0.502254
99500 0.502211
99600 0.502239
99700 0.502197
99800 0.502174
99900 0.502262
