100 0.05
200 0.055
300 0.05
400 0.05
500 0.048
600 0.0466667
700 0.0514286
800 0.05
900 0.0488889
1000 0.053
1100 0.0563636
1200 0.0541667
1300 0.0530769
1400 0.0535714
1500 0.05
1600 0.049375
1700 0.0494118
1800 0.0516667
1900 0.0521053
2000 0.052
2100 0.0509524
2200 0.0518182
2300 0.0517391
2400 0.0504167
2500 0.0512
2600 0.0511538
2700 0.0507407
2800 0.0507143
2900 0.0506897
3000 0.051
3100 0.05
3200 0.0503125
3300 0.0493939
3400 0.0508824
3500 0.0502857
3600 0.05
3700 0.0497297
3800 0.0494737
3900 0.0492308
4000 0.05
4100 0.0504878
4200 0.0502381
4300 0.0502326
4400 0.0495455
4500 0.0497778
4600 0.0495652
4700 0.0491489
4800 0.0504167
4900 0.0508163
5000 0.0504
5100 0.0507843
5200 0.0515385
5300 0.0518868
5400 0.0518519
5500 0.0525455
5600 0.0523214
5700 0.0522807
5800 0.0518966
5900 0.0523729
6000 0.0526667
6100 0.052459
6200 0.0520968
6300 0.051746
6400 0.051875
6500 0.0513846
6600 0.0516667
6700 0.0514925
6800 0.0511765
6900 0.0511594
7000 0.051
7100 0.0514085
7200 0.05125
7300 0.0510959
7400 0.0512162
7500 0.0512
7600 0.0515789
7700 0.0515584
7800 0.0515385
7900 0.0511392
8000 0.05125
8100 0.0507407
8200 0.0507317
8300 0.0504819
8400 0.050119
8500 0.05
8600 0.0504651
8700 0.0502299
8800 0.0501136
8900 0.0505618
9000 0.0505556
9100 0.0508791
9200 0.0507609
9300 0.0509677
9400 0.0511702
9500 0.0511579
9600 0.0511458
9700 0.0514433
9800 0.0519388
9900 0.0519192
10000 0.0519
10100 0.0517822
10200 0.0520588
10300 0.052233
10400 0.0522115
10500 0.0524762
10600 0.0524528
10700 0.0524299
10800 0.0525
10900 0.0523853
11000 0.0524545
11100 0.0522523
11200 0.0519643
11300 0.0520354
11400 0.0521053
11500 0.052
11600 0.0522414
11700 0.0522222
11800 0.0522881
11900 0.052437
12000 0.0523333
12100 0.052562
12200 0.0527049
12300 0.0526829
12400 0.0525806
12500 0.05272
12600 0.052619
12700 0.0527559
12800 0.0528125
12900 0.0527907
13000 0.0528462
13100 0.0529008
13200 0.0525758
13300 0.0528571
13400 0.0530597
13500 0.0532593
13600 0.0532353
13700 0.0530657
13800 0.052971
13900 0.0526619
14000 0.0528571
14100 0.0530496
14200 0.0529577
14300 0.0527972
14400 0.0528472
14500 0.0528966
14600 0.0526712
14700 0.0526531
14800 0.0526351
14900 0.0524832
15000 0.0526667
15100 0.0528477
15200 0.0530263
15300 0.0530065
15400 0.0531169
15500 0.0531613
15600 0.0532692
15700 0.0533121
15800 0.0532911
15900 0.0530818
16000 0.05325
16100 0.0530435
16200 0.0530247
16300 0.0528834
16400 0.0528049
16500 0.0524848
16600 0.0523494
16700 0.0524551
16800 0.0525
16900 0.0523077
17000 0.0524118
17100 0.0523977
17200 0.0522674
17300 0.0521965
17400 0.0521839
17500 0.0520571
17600 0.0520455
17700 0.0519209
17800 0.0519663
17900 0.0518994
18000 0.0519444
18100 0.0521547
18200 0.0522527
18300 0.0522951
18400 0.0521739
18500 0.0522703
18600 0.0524194
18700 0.0525134
18800 0.0525
18900 0.0525397
19000 0.0526842
19100 0.0527225
19200 0.0526042
19300 0.052487
19400 0.052268
19500 0.0524103
19600 0.0523469
19700 0.0522335
19800 0.0520707
19900 0.0519598
20000 0.05175
20100 0.0517413
20200 0.0515842
20300 0.0513793
20400 0.0514216
20500 0.051561
20600 0.051699
20700 0.0518357
20800 0.051875
20900 0.0517225
21000 0.0517143
21100 0.0518009
21200 0.0516509
21300 0.0515023
21400 0.0515888
21500 0.0514884
21600 0.0513889
21700 0.0514286
21800 0.0514679
21900 0.0515525
22000 0.0515909
22100 0.051629
22200 0.0515766
22300 0.0515247
22400 0.0515179
22500 0.0515111
22600 0.0515044
22700 0.0514537
22800 0.0513158
22900 0.0513974
23000 0.0513913
23100 0.0514286
23200 0.0514655
23300 0.0513734
23400 0.051453
23500 0.0513191
23600 0.0511017
23700 0.051097
23800 0.0512605
23900 0.0512552
24000 0.0513333
24100 0.0514523
24200 0.051405
24300 0.051358
24400 0.0512705
24500 0.0513469
24600 0.0513821
24700 0.0512955
24800 0.05125
24900 0.051245
25000 0.05112
25100 0.0510757
25200 0.0511111
25300 0.0510277
25400 0.0509449
25500 0.050902
25600 0.0509375
25700 0.0508949
25800 0.0510465
25900 0.0510425
26000 0.0510385
26100 0.0509195
26200 0.0509542
26300 0.0509125
26400 0.0508712
26500 0.0508302
26600 0.0507895
26700 0.0507491
26800 0.0507463
26900 0.0507063
27000 0.0505926
27100 0.0507011
27200 0.0506985
27300 0.0507326
27400 0.0507299
27500 0.0507636
27600 0.0506522
27700 0.050722
27800 0.0507194
27900 0.0508602
28000 0.05075
28100 0.0508185
28200 0.0508156
28300 0.0507774
28400 0.0508451
28500 0.0509123
28600 0.0508392
28700 0.0508711
28800 0.0510764
28900 0.0511419
29000 0.0511379
29100 0.051134
29200 0.0510959
29300 0.0511604
29400 0.0512245
29500 0.0512881
29600 0.05125
29700 0.0511785
29800 0.0510738
29900 0.0510033
30000 0.0510333
30100 0.0510631
30200 0.0510927
30300 0.0509901
30400 0.0509211
30500 0.050918
30600 0.0508497
30700 0.0508143
30800 0.0508117
30900 0.0507767
31000 0.0507419
31100 0.0508039
31200 0.0507372
31300 0.0507348
31400 0.0506051
31500 0.0506349
31600 0.0506013
31700 0.0504732
31800 0.0504717
31900 0.0506583
32000 0.0506563
32100 0.0507165
32200 0.0507764
32300 0.050805
32400 0.0507407
32500 0.0506769
32600 0.0506135
32700 0.0506422
32800 0.0505793
32900 0.0506383
33000 0.0506061
33100 0.0505438
33200 0.0506024
33300 0.0505405
33400 0.0504192
33500 0.0503582
33600 0.0502679
33700 0.050178
33800 0.0502071
33900 0.0502065
34000 0.0502059
34100 0.0502639
34200 0.0502047
34300 0.0501749
34400 0.0502616
34500 0.0502319
34600 0.0502312
34700 0.0501729
34800 0.0500862
34900 0.0500287
35000 0.0499429
35100 0.050057
35200 0.0501705
35300 0.05017
35400 0.050113
35500 0.0501408
35600 0.0500843
35700 0.049972
35800 0.0499441
35900 0.0499721
36000 0.0499444
36100 0.05
36200 0.05
36300 0.0498898
36400 0.0499451
36500 0.0499452
36600 0.05
36700 0.05
36800 0.0500543
36900 0.05
37000 0.049973
37100 0.049973
37200 0.0498925
37300 0.0498391
37400 0.0498128
37500 0.0497867
37600 0.0497872
37700 0.0498408
37800 0.0498413
37900 0.0498153
38000 0.0498684
38100 0.0498688
38200 0.0498691
38300 0.0498956
38400 0.0497917
38500 0.0497662
38600 0.0496891
38700 0.0497158
38800 0.0498196
38900 0.0498201
39000 0.0497692
39100 0.0497442
39200 0.0497449
39300 0.049771
39400 0.0496954
39500 0.0497975
39600 0.049798
39700 0.0498237
39800 0.0497739
39900 0.0497744
40000 0.04975
40100 0.0498005
40200 0.0498259
40300 0.0498759
40400 0.0498267
40500 0.0498272
40600 0.0497537
40700 0.0497789
40800 0.0498284
40900 0.0498044
41000 0.0498293
41100 0.0498054
41200 0.0498058
41300 0.0497094
41400 0.0497585
41500 0.0496867
41600 0.0496635
41700 0.0496403
41800 0.0496411
41900 0.0495943
42000 0.0495952
42100 0.0495487
42200 0.0495735
42300 0.0495272
42400 0.0496226
42500 0.0496941
42600 0.0497653
42700 0.0497892
42800 0.0498832
42900 0.0497902
43000 0.0497442
43100 0.0496984
43200 0.0496759
43300 0.0496767
43400 0.0495853
43500 0.0495862
43600 0.049656
43700 0.0497254
43800 0.0496804
43900 0.0496355
44000 0.0496591
44100 0.0497506
44200 0.0497511
44300 0.0498194
44400 0.0497973
44500 0.0497978
44600 0.0498206
44700 0.0498434
44800 0.0498884
44900 0.0498441
45000 0.0499333
45100 0.0499335
45200 0.0498894
45300 0.0498455
45400 0.0497797
45500 0.0496923
45600 0.0497368
45700 0.0497812
45800 0.0497598
45900 0.0498039
46000 0.0498696
46100 0.0498698
46200 0.0498485
46300 0.0498272
46400 0.0498707
46500 0.0498495
46600 0.0498283
46700 0.0497859
46800 0.049765
46900 0.0498721
47000 0.0498511
47100 0.0498938
47200 0.0499153
47300 0.0499366
47400 0.0499156
47500 0.0498316
47600 0.049895
47700 0.0499581
47800 0.0499163
47900 0.049833
48000 0.0498333
48100 0.0497713
48200 0.0497718
48300 0.0497723
48400 0.0497314
48500 0.0496907
48600 0.0496708
48700 0.0496304
48800 0.0496107
48900 0.0496524
49000 0.0497143
49100 0.0496538
49200 0.0496138
49300 0.049574
49400 0.0495142
49500 0.0494949
49600 0.0494758
49700 0.0495775
49800 0.0495181
49900 0.049499
50000 0.04948
50100 0.049481
50200 0.0494422
50300 0.0494235
50400 0.0494048
50500 0.0493663
50600 0.0493478
50700 0.0494083
50800 0.0493898
50900 0.049391
51000 0.0493529
51100 0.0493151
51200 0.0492969
51300 0.0492593
51400 0.0493385
51500 0.049301
51600 0.0493992
51700 0.0494004
51800 0.0493822
51900 0.0493642
52000 0.0493654
52100 0.0493282
52200 0.0493487
52300 0.0493499
52400 0.0493321
52500 0.0492952
52600 0.0492015
52700 0.0491651
52800 0.0491288
52900 0.0491493
53000 0.0490943
53100 0.049096
53200 0.0490977
53300 0.0490807
53400 0.0490449
53500 0.049028
53600 0.0490112
53700 0.0489572
53800 0.0489591
53900 0.0489054
54000 0.0489259
54100 0.0490203
54200 0.0489852
54300 0.0490055
54400 0.0490074
54500 0.0489358
54600 0.0489011
54700 0.0488848
54800 0.0489234
54900 0.04898
55000 0.049
55100 0.04902
55200 0.0490217
55300 0.0489693
55400 0.0490072
55500 0.049045
55600 0.0490647
55700 0.0490485
55800 0.049086
55900 0.0490519
56000 0.049125
56100 0.0490731
56200 0.0490925
56300 0.0491297
56400 0.0491312
56500 0.0492035
56600 0.0491519
56700 0.0491182
56800 0.0491021
56900 0.0491564
57000 0.0493158
57100 0.0492995
57200 0.0493007
57300 0.0493019
57400 0.0493554
57500 0.0494087
57600 0.0494618
57700 0.0494627
57800 0.0495156
57900 0.0495855
58000 0.0495862
58100 0.0495869
58200 0.0495704
58300 0.0495712
58400 0.0495719
58500 0.0495897
58600 0.0495734
58700 0.0495741
58800 0.0495578
58900 0.0495416
59000 0.0495085
59100 0.0494416
59200 0.0494426
59300 0.0494772
59400 0.0495118
59500 0.0495126
59600 0.0494799
59700 0.0494807
59800 0.0494482
59900 0.0494491
60000 0.04945
60100 0.0494509
60200 0.0494518
60300 0.0494527
60400 0.0494702
60500 0.0495372
60600 0.049571
60700 0.0496046
60800 0.0496053
60900 0.0496388
61000 0.0497213
61100 0.0497054
61200 0.0496895
61300 0.0496737
61400 0.0496906
61500 0.0496423
61600 0.0496429
61700 0.0496434
61800 0.0495793
61900 0.0496446
62000 0.049629
62100 0.0496135
62200 0.0496141
62300 0.0495827
62400 0.0496154
62500 0.049648
62600 0.0497284
62700 0.0497448
62800 0.0498408
62900 0.0498092
63000 0.0498254
63100 0.0498257
63200 0.0498101
63300 0.0498104
63400 0.0497634
63500 0.0497795
63600 0.0497327
63700 0.0497488
63800 0.0497335
63900 0.0497183
64000 0.0497344
64100 0.0497504
64200 0.0497508
64300 0.0497667
64400 0.0497826
64500 0.0497364
64600 0.0497523
64700 0.0497527
64800 0.0497068
64900 0.0496764
65000 0.0497385
65100 0.0498157
65200 0.0498006
65300 0.0498315
65400 0.0498471
65500 0.0499847
65600 0.049939
65700 0.0499696
65800 0.049924
65900 0.0498938
66000 0.0499242
66100 0.0499395
66200 0.0499245
66300 0.0499246
66400 0.0498946
66500 0.0498797
66600 0.0498498
66700 0.0498801
66800 0.0498952
66900 0.0498655
67000 0.0498507
67100 0.0498212
67200 0.0498065
67300 0.049792
67400 0.0497923
67500 0.0497778
67600 0.0497485
67700 0.0497637
67800 0.0497198
67900 0.0497202
68000 0.0497059
68100 0.0497063
68200 0.0496774
68300 0.049634
68400 0.0496053
68500 0.0496788
68600 0.0496647
68700 0.0497089
68800 0.0496948
68900 0.0496952
69000 0.0497101
69100 0.0496961
69200 0.049711
69300 0.0496825
69400 0.049683
69500 0.0497122
69600 0.049727
69700 0.0497131
69800 0.0496991
69900 0.0496853
70000 0.0496286
70100 0.0496434
70200 0.0496154
70300 0.0496586
70400 0.0496875
70500 0.0497021
70600 0.0498159
70700 0.0498444
70800 0.0497881
70900 0.049859
71000 0.0498592
71100 0.0498312
71200 0.0498315
71300 0.0498036
71400 0.0498739
71500 0.0498601
71600 0.0498603
71700 0.0498326
71800 0.0498329
71900 0.0498053
72000 0.0498611
72100 0.0498752
72200 0.0498615
72300 0.0498479
72400 0.0498619
72500 0.0498621
72600 0.0499311
72700 0.0500138
72800 0.0499863
72900 0.0499726
73000 0.0499726
73100 0.049959
73200 0.0499454
73300 0.0499454
73400 0.0499728
73500 0.0500408
73600 0.0500272
73700 0.0500407
73800 0.0500677
73900 0.0500541
74000 0.0500946
74100 0.050081
74200 0.0500674
74300 0.0500942
74400 0.0500941
74500 0.0500805
74600 0.0500268
74700 0.05
74800 0.0500401
74900 0.0500534
75000 0.0500533
75100 0.0501465
75200 0.0501596
75300 0.0501726
75400 0.0501857
75500 0.0501589
75600 0.0502116
75700 0.0502246
75800 0.0501979
75900 0.0501713
76000 0.0501579
76100 0.0501708
76200 0.0501968
76300 0.0502752
76400 0.050288
76500 0.0502745
76600 0.0503003
76700 0.0502999
76800 0.0502734
76900 0.0502861
77000 0.0502857
77100 0.0502983
77200 0.050272
77300 0.0502587
77400 0.0502326
77500 0.0501935
77600 0.0501933
77700 0.0502188
77800 0.0501671
77900 0.050154
78000 0.0501538
78100 0.0502049
78200 0.0501662
78300 0.0501533
78400 0.0501403
78500 0.0501147
78600 0.0501272
78700 0.0501144
78800 0.0501015
78900 0.0500887
79000 0.0500759
79100 0.0501391
79200 0.0501768
79300 0.0501639
79400 0.0501259
79500 0.0501132
79600 0.0501005
79700 0.0500878
79800 0.0500877
79900 0.0500626
80000 0.0501125
80100 0.0501124
80200 0.0501372
80300 0.0501494
80400 0.0501119
80500 0.0500994
80600 0.0501117
80700 0.050062
80800 0.0500248
80900 0.0500742
81000 0.0500741
81100 0.050074
81200 0.0500739
81300 0.0501107
81400 0.0500983
81500 0.0500982
81600 0.0500858
81700 0.0500857
81800 0.0500367
81900 0.0500366
82000 0.0500244
82100 0.05
82200 0.05
82300 0.0499878
82400 0.0499757
82500 0.0499636
82600 0.0499637
82700 0.0499637
82800 0.05
82900 0.0500121
83000 0.05
83100 0.05
83200 0.050024
83300 0.050012
83400 0.05006
83500 0.05
83600 0.05
83700 0.05
83800 0.0500239
83900 0.0500119
84000 0.0500119
84100 0.0500357
84200 0.0500475
84300 0.0500119
84400 0.05
84500 0.0500355
84600 0.0499882
84700 0.0500236
84800 0.0500708
84900 0.0500471
85000 0.0500824
85100 0.0500823
85200 0.0500704
85300 0.0500586
85400 0.0500351
85500 0.0500585
85600 0.0500584
85700 0.0500583
85800 0.0500583
85900 0.0500233
86000 0.0500233
86100 0.0500116
86200 0.050058
86300 0.0500464
86400 0.0500579
86500 0.0500578
86600 0.0500231
86700 0.0500577
86800 0.050023
86900 0.050023
87000 0.050023
87100 0.0500115
87200 0.0499771
87300 0.0499427
87400 0.0499199
87500 0.0499543
87600 0.05
87700 0.0499886
87800 0.0500114
87900 0.0500114
88000 0.0500114
88100 0.0500341
88200 0.0500227
88300 0.0500227
88400 0.0500339
88500 0.05
88600 0.0499774
88700 0.0499662
88800 0.0499662
88900 0.049955
89000 0.0499663
89100 0.0499663
89200 0.0499888
89300 0.0499888
89400 0.0500224
89500 0.0500112
89600 0.0500112
89700 0.0500446
89800 0.0500111
89900 0.05
90000 0.0500222
90100 0.0499778
90200 0.0499778
90300 0.0500221
90400 0.05
90500 0.049989
90600 0.05
90700 0.0500331
90800 0.050011
90900 0.049989
91000 0.049967
91100 0.0499341
91200 0.0499342
91300 0.0499452
91400 0.0499781
91500 0.0499672
91600 0.0500218
91700 0.0500109
91800 0.0500327
91900 0.0500109
92000 0.0499783
92100 0.0499674
92200 0.0499783
92300 0.0499458
92400 0.0499459
92500 0.0499243
92600 0.049946
92700 0.0499245
92800 0.0499246
92900 0.0499462
93000 0.0499677
93100 0.0499785
93200 0.0499464
93300 0.0499357
93400 0.0499143
93500 0.0499144
93600 0.0499038
93700 0.049936
93800 0.0499147
93900 0.0498722
94000 0.0498617
94100 0.049915
94200 0.0498832
94300 0.0498621
94400 0.0498729
94500 0.0498519
94600 0.0498309
94700 0.0498099
94800 0.0498101
94900 0.0497998
95000 0.0498
95100 0.0497897
95200 0.0497689
95300 0.0497587
95400 0.0497694
95500 0.0497696
95600 0.0497908
95700 0.0497806
95800 0.0497704
95900 0.0497914
96000 0.0497396
96100 0.0497086
96200 0.0496674
96300 0.0496366
96400 0.0496473
96500 0.049658
96600 0.049648
96700 0.0496484
96800 0.0496694
96900 0.0496594
97000 0.0496495
97100 0.0496395
97200 0.0496296
97300 0.0496711
97400 0.0496817
97500 0.0497026
97600 0.0496824
97700 0.0496929
97800 0.0497444
97900 0.0497344
98000 0.0496837
98100 0.0497248
98200 0.0496945
98300 0.0496745
98400 0.0496748
98500 0.0497157
98600 0.0496856
98700 0.0497264
98800 0.0497166
98900 0.0497371
99000 0.0497172
99100 0.0497175
99200 0.0496976
99300 0.0496979
99400 0.0497284
99500 0.0497186
99600 0.0496888
99700 0.0496891
99800 0.0496994
99900 0.0497197
