100 0.01
200 0.015
300 0.0133333
400 0.01
500 0.014
600 0.0133333
700 0.0171429
800 0.02125
900 0.0222222
1000 0.024
1100 0.0254545
1200 0.025
1300 0.0246154
1400 0.0257143
1500 0.024
1600 0.025
1700 0.0247059
1800 0.0261111
1900 0.0257895
2000 0.025
2100 0.0242857
2200 0.0240909
2300 0.0243478
2400 0.0241667
2500 0.0248
2600 0.025
2700 0.0244444
2800 0.0242857
2900 0.0251724
3000 0.0243333
3100 0.0245161
3200 0.0246875
3300 0.0242424
3400 0.0255882
3500 0.0251429
3600 0.025
3700 0.0251351
3800 0.0255263
3900 0.0253846
4000 0.026
4100 0.0268293
4200 0.0269048
4300 0.0267442
4400 0.0265909
4500 0.0273333
4600 0.0269565
4700 0.0274468
4800 0.0277083
4900 0.027551
5000 0.0272
5100 0.027451
5200 0.0276923
5300 0.0281132
5400 0.0281481
5500 0.0281818
5600 0.0283929
5700 0.0280702
5800 0.027931
5900 0.0283051
6000 0.0286667
6100 0.0283607
6200 0.0279032
6300 0.027619
6400 0.028125
6500 0.0281538
6600 0.0280303
6700 0.0279104
6800 0.0275
6900 0.0275362
7000 0.0274286
7100 0.0273239
7200 0.0272222
7300 0.0272603
7400 0.0274324
7500 0.0276
7600 0.0280263
7700 0.0283117
7800 0.0283333
7900 0.028481
8000 0.0285
8100 0.0281481
8200 0.0284146
8300 0.0281928
8400 0.0280952
8500 0.028
8600 0.027907
8700 0.0277011
8800 0.0275
8900 0.0274157
9000 0.0275556
9100 0.0276923
9200 0.0276087
9300 0.0276344
9400 0.0275532
9500 0.0275789
9600 0.0276042
9700 0.0278351
9800 0.0278571
9900 0.0277778
10000 0.028
10100 0.0279208
10200 0.0278431
10300 0.0279612
10400 0.0280769
10500 0.0282857
10600 0.0281132
10700 0.0280374
10800 0.0281481
10900 0.0281651
11000 0.0281818
11100 0.0281081
11200 0.0280357
11300 0.0283186
11400 0.0283333
11500 0.0282609
11600 0.0283621
11700 0.0282051
11800 0.0284746
11900 0.0286555
12000 0.0285833
12100 0.028843
12200 0.0290984
12300 0.0291057
12400 0.0291935
12500 0.02928
12600 0.0295238
12700 0.029685
12800 0.0296875
12900 0.0299225
13000 0.0299231
13100 0.0300763
13200 0.0299242
13300 0.0300752
13400 0.0301493
13500 0.0301481
13600 0.03
13700 0.029854
13800 0.0298551
13900 0.0296403
14000 0.0297143
14100 0.0297163
14200 0.0296479
14300 0.0296503
14400 0.0297917
14500 0.0297241
14600 0.029863
14700 0.0297959
14800 0.0299324
14900 0.0299329
15000 0.0298667
15100 0.0298676
15200 0.0298026
15300 0.0297386
15400 0.0297403
15500 0.0298065
15600 0.0298077
15700 0.0299363
15800 0.0297468
15900 0.0296226
16000 0.02975
16100 0.0297516
16200 0.0296914
16300 0.0296319
16400 0.0296341
16500 0.0295152
16600 0.0295783
16700 0.0296407
16800 0.0297619
16900 0.029645
17000 0.0296471
17100 0.0295906
17200 0.0295349
17300 0.0295376
17400 0.0294828
17500 0.0293714
17600 0.0292614
17700 0.029322
17800 0.0293258
17900 0.029162
18000 0.0290556
18100 0.0292265
18200 0.0293407
18300 0.0292896
18400 0.0291848
18500 0.0292973
18600 0.0294624
18700 0.0294118
18800 0.0293617
18900 0.0293651
19000 0.0293684
19100 0.0294241
19200 0.0293229
19300 0.0292746
19400 0.0291753
19500 0.0291795
19600 0.0290816
19700 0.028934
19800 0.0288384
19900 0.0288945
20000 0.0288
20100 0.028806
20200 0.0287624
20300 0.0287685
20400 0.0289216
20500 0.0289756
20600 0.0289806
20700 0.0289372
20800 0.0288462
20900 0.0288038
21000 0.0287619
21100 0.0289573
21200 0.0289151
21300 0.0289202
21400 0.0290187
21500 0.0289302
21600 0.0288889
21700 0.028894
21800 0.0290367
21900 0.0290868
22000 0.0289545
22100 0.028914
22200 0.0289189
22300 0.0289238
22400 0.0289286
22500 0.0290667
22600 0.0290708
22700 0.0290749
22800 0.0289912
22900 0.0289956
23000 0.0289565
23100 0.0290043
23200 0.0290086
23300 0.028927
23400 0.0289744
23500 0.0289362
23600 0.0288136
23700 0.0288186
23800 0.0287815
23900 0.0288285
24000 0.028875
24100 0.0289627
24200 0.0288843
24300 0.0288889
24400 0.0288525
24500 0.0287755
24600 0.0286992
24700 0.0286235
24800 0.0285081
24900 0.0285542
25000 0.02848
25100 0.0284861
25200 0.0284921
25300 0.0284585
25400 0.0284252
25500 0.0284314
25600 0.0283594
25700 0.0283268
25800 0.0282171
25900 0.0283398
26000 0.0283462
26100 0.0282759
26200 0.0283588
26300 0.028365
26400 0.0282576
26500 0.0281887
26600 0.0281579
26700 0.0281648
26800 0.028209
26900 0.0281413
27000 0.028037
27100 0.0280443
27200 0.0280515
27300 0.028022
27400 0.0280657
27500 0.0281091
27600 0.0280797
27700 0.0281588
27800 0.0282014
27900 0.0282437
28000 0.02825
28100 0.0282562
28200 0.0282624
28300 0.0282686
28400 0.0283451
28500 0.0284211
28600 0.0284266
28700 0.0284669
28800 0.0285069
28900 0.0285467
29000 0.0285517
29100 0.0285223
29200 0.0284589
29300 0.0284642
29400 0.0285034
29500 0.0285424
29600 0.0284797
29700 0.0284848
29800 0.0285235
29900 0.0285619
30000 0.0286
30100 0.0285714
30200 0.0285762
30300 0.0285149
30400 0.0285197
30500 0.0285574
30600 0.0284641
30700 0.0284039
30800 0.0283766
30900 0.028479
31000 0.0284194
31100 0.0284887
31200 0.0284615
31300 0.0284345
31400 0.0284395
31500 0.0284444
31600 0.0284494
31700 0.0283912
31800 0.0283648
31900 0.0283386
32000 0.028375
32100 0.0285047
32200 0.0285093
32300 0.0285449
32400 0.0285185
32500 0.0285231
32600 0.0286196
32700 0.0285933
32800 0.0285671
32900 0.0285714
33000 0.0286061
33100 0.0286103
33200 0.0286145
33300 0.0285285
33400 0.0285329
33500 0.0284478
33600 0.0283929
33700 0.0283976
33800 0.0284911
33900 0.0285546
34000 0.0285
34100 0.0285044
34200 0.0285673
34300 0.0285131
34400 0.0285174
34500 0.0284928
34600 0.0284682
34700 0.028415
34800 0.0283908
34900 0.0283381
35000 0.0282857
35100 0.0283761
35200 0.0283807
35300 0.0283569
35400 0.0283051
35500 0.0283944
35600 0.0283708
35700 0.0283473
35800 0.0284358
35900 0.0284958
36000 0.0285278
36100 0.0285319
36200 0.0285359
36300 0.0285124
36400 0.0285165
36500 0.0284932
36600 0.0285246
36700 0.0285286
36800 0.0285054
36900 0.0285095
37000 0.0285405
37100 0.0285175
37200 0.0285215
37300 0.0284718
37400 0.0284759
37500 0.0284
37600 0.0284309
37700 0.028435
37800 0.0284127
37900 0.0284433
38000 0.0284474
38100 0.0284514
38200 0.0284293
38300 0.0283551
38400 0.0283073
38500 0.0282857
38600 0.0282642
38700 0.0282429
38800 0.0282732
38900 0.0282776
39000 0.0283077
39100 0.0283632
39200 0.0283418
39300 0.0283206
39400 0.0283249
39500 0.0284051
39600 0.0284091
39700 0.0283879
39800 0.028392
39900 0.0284211
40000 0.0284
40100 0.0283541
40200 0.0283831
40300 0.0284615
40400 0.0284406
40500 0.0283951
40600 0.0283744
40700 0.0283292
40800 0.0283578
40900 0.0283374
41000 0.0283659
41100 0.0283212
41200 0.028301
41300 0.0282809
41400 0.0282609
41500 0.0282651
41600 0.0281971
41700 0.0282254
41800 0.0282297
41900 0.02821
42000 0.0281905
42100 0.0281235
42200 0.028128
42300 0.0280851
42400 0.028066
42500 0.0281412
42600 0.0281455
42700 0.0281733
42800 0.0282243
42900 0.0281818
43000 0.0281395
43100 0.0281206
43200 0.0281019
43300 0.0281986
43400 0.0281567
43500 0.0281609
43600 0.0282339
43700 0.028238
43800 0.028242
43900 0.0281777
44000 0.0282045
44100 0.028254
44200 0.0283032
44300 0.028307
44400 0.0282883
44500 0.0283371
44600 0.0283632
44700 0.0284116
44800 0.0284152
44900 0.0283742
45000 0.0283778
45100 0.0284035
45200 0.028385
45300 0.0283444
45400 0.028304
45500 0.0282637
45600 0.0282675
45700 0.0283151
45800 0.0282969
45900 0.028366
46000 0.0283696
46100 0.0283731
46200 0.0283766
46300 0.0283369
46400 0.0284267
46500 0.0284731
46600 0.0284549
46700 0.0284154
46800 0.0284188
46900 0.0284222
47000 0.0283617
47100 0.0284076
47200 0.028411
47300 0.0284567
47400 0.0284388
47500 0.0284421
47600 0.0284874
47700 0.0284906
47800 0.0284728
47900 0.028476
48000 0.0284792
48100 0.0284823
48200 0.0285062
48300 0.02853
48400 0.0285124
48500 0.0284948
48600 0.0284979
48700 0.0284805
48800 0.0285041
48900 0.0284663
49000 0.0285102
49100 0.0284521
49200 0.0284146
49300 0.0283976
49400 0.0283806
49500 0.0283838
49600 0.0283871
49700 0.0283501
49800 0.0283333
49900 0.0283166
50000 0.02832
50100 0.0283034
50200 0.0282869
50300 0.0282505
50400 0.0282341
50500 0.0282178
50600 0.0282411
50700 0.0282643
50800 0.028248
50900 0.0282122
51000 0.0282549
51100 0.0282192
51200 0.0282031
51300 0.0281871
51400 0.0282296
51500 0.028233
51600 0.0282171
51700 0.0282012
51800 0.028166
51900 0.028131
52000 0.0281538
52100 0.028119
52200 0.0281992
52300 0.0282027
52400 0.0282061
52500 0.0281524
52600 0.0281179
52700 0.0281594
52800 0.0281439
52900 0.0281474
53000 0.0281509
53100 0.0281168
53200 0.0281203
53300 0.0281426
53400 0.0281461
53500 0.0281121
53600 0.028097
53700 0.0280633
53800 0.0280669
53900 0.0280334
54000 0.0280556
54100 0.0280776
54200 0.0280996
54300 0.0281031
54400 0.0281066
54500 0.0281101
54600 0.0281136
54700 0.0281718
54800 0.0281752
54900 0.0282332
55000 0.0282545
55100 0.0282577
55200 0.0282609
55300 0.0282098
55400 0.0281949
55500 0.0281982
55600 0.0282014
55700 0.0281688
55800 0.0282258
55900 0.0281932
56000 0.0282143
56100 0.0281818
56200 0.0282384
56300 0.0282771
56400 0.0282447
56500 0.0282832
56600 0.0282332
56700 0.0282187
56800 0.028169
56900 0.0282074
57000 0.0282807
57100 0.0283187
57200 0.0283392
57300 0.0283246
57400 0.0283624
57500 0.0283652
57600 0.0283507
57700 0.0283536
57800 0.0283564
57900 0.0284111
58000 0.028431
58100 0.0284509
58200 0.0284536
58300 0.0284563
58400 0.0284932
58500 0.0284786
58600 0.0284471
58700 0.0284497
58800 0.0284524
58900 0.028455
59000 0.0284407
59100 0.0283926
59200 0.0284122
59300 0.0283811
59400 0.0283838
59500 0.0283697
59600 0.0283557
59700 0.0283585
59800 0.0283445
59900 0.0283472
60000 0.0283667
60100 0.0283694
60200 0.0283887
60300 0.0283914
60400 0.0283609
60500 0.0283636
60600 0.0283663
60700 0.0284349
60800 0.0284211
60900 0.0284401
61000 0.0284262
61100 0.0284452
61200 0.028415
61300 0.028385
61400 0.0284039
61500 0.028374
61600 0.0283604
61700 0.0283144
61800 0.0282686
61900 0.0282876
62000 0.0283548
62100 0.0283414
62200 0.028328
62300 0.0282986
62400 0.0283494
62500 0.028384
62600 0.0284824
62700 0.028453
62800 0.0285032
62900 0.0285374
63000 0.0285079
63100 0.0285103
63200 0.0284968
63300 0.0284992
63400 0.0285016
63500 0.0284882
63600 0.0284591
63700 0.0284772
63800 0.0285266
63900 0.0284977
64000 0.0284688
64100 0.0284867
64200 0.0285047
64300 0.0285381
64400 0.0285714
64500 0.0285426
64600 0.0285604
64700 0.0285781
64800 0.0285648
64900 0.0285516
65000 0.0285538
65100 0.0286022
65200 0.028589
65300 0.0286217
65400 0.0286391
65500 0.0287481
65600 0.0287348
65700 0.0287671
65800 0.0287538
65900 0.0287253
66000 0.0287576
66100 0.0287897
66200 0.0287613
66300 0.0287783
66400 0.0287651
66500 0.0287669
66600 0.0287387
66700 0.0287406
66800 0.0287874
66900 0.0287892
67000 0.028806
67100 0.0288376
67200 0.0288095
67300 0.0288262
67400 0.0288131
67500 0.0288593
67600 0.0288462
67700 0.0288922
67800 0.0288791
67900 0.0288954
68000 0.0288971
68100 0.028928
68200 0.0289296
68300 0.0288873
68400 0.0289181
68500 0.0289635
68600 0.0290087
68700 0.0290539
68800 0.0290552
68900 0.0290711
69000 0.0291014
69100 0.0290883
69200 0.0290751
69300 0.0290476
69400 0.0290202
69500 0.029036
69600 0.029023
69700 0.02901
69800 0.0290115
69900 0.0290129
70000 0.0289714
70100 0.0289872
70200 0.0289459
70300 0.0289474
70400 0.0289773
70500 0.0290213
70600 0.029051
70700 0.0290523
70800 0.0290113
70900 0.0290691
71000 0.0291268
71100 0.029128
71200 0.0291573
71300 0.0291725
71400 0.0291457
71500 0.0292028
71600 0.029176
71700 0.0291771
71800 0.0291783
71900 0.0291516
72000 0.0292222
72100 0.0292094
72200 0.0291967
72300 0.0291701
72400 0.0291575
72500 0.0291172
72600 0.0291185
72700 0.0291609
72800 0.0291484
72900 0.0291221
73000 0.0291233
73100 0.0290971
73200 0.0291257
73300 0.0291405
73400 0.0291553
73500 0.0291565
73600 0.0291848
73700 0.0291723
73800 0.029187
73900 0.0291746
74000 0.0291892
74100 0.0291633
74200 0.0291779
74300 0.0291925
74400 0.0291667
74500 0.0291544
74600 0.0291421
74700 0.0291165
74800 0.029131
74900 0.0291188
75000 0.0291467
75100 0.0292277
75200 0.029242
75300 0.0292563
75400 0.029244
75500 0.0292185
75600 0.0292196
75700 0.029247
75800 0.0292744
75900 0.029249
76000 0.02925
76100 0.029251
76200 0.0292388
76300 0.0292529
76400 0.029267
76500 0.0292418
76600 0.0292428
76700 0.0292438
76800 0.0292448
76900 0.0292068
77000 0.0292338
77100 0.0292477
77200 0.0292487
77300 0.0292626
77400 0.0292506
77500 0.0292129
77600 0.0292526
77700 0.0292535
77800 0.0292159
77900 0.0291913
78000 0.0292051
78100 0.0292318
78200 0.0292072
78300 0.0291954
78400 0.0291709
78500 0.0291465
78600 0.0291476
78700 0.0291487
78800 0.0291497
78900 0.0291381
79000 0.0291266
79100 0.029153
79200 0.0291667
79300 0.0291929
79400 0.0291814
79500 0.0291698
79600 0.0291834
79700 0.0291844
79800 0.0291855
79900 0.029174
80000 0.0291875
80100 0.0291885
80200 0.0292269
80300 0.0292777
80400 0.0292786
80500 0.0292919
80600 0.0293424
80700 0.0293309
80800 0.0293317
80900 0.0293449
81000 0.029358
81100 0.0293711
81200 0.0293719
81300 0.0293973
81400 0.0294226
81500 0.0293988
81600 0.0293627
81700 0.0293635
81800 0.0293276
81900 0.0293162
82000 0.0293171
82100 0.0293179
82200 0.0293187
82300 0.0292831
82400 0.0292476
82500 0.0292606
82600 0.0292252
82700 0.029214
82800 0.0292029
82900 0.0292039
83000 0.0292048
83100 0.0292298
83200 0.0292548
83300 0.0292437
83400 0.0292566
83500 0.0292335
83600 0.0292225
83700 0.0292473
83800 0.0292243
83900 0.0292253
84000 0.0292143
84100 0.0292033
84200 0.0292162
84300 0.0291934
84400 0.0291943
84500 0.0291834
84600 0.0291608
84700 0.0291499
84800 0.0291509
84900 0.0291402
85000 0.0291412
85100 0.0291422
85200 0.0291197
85300 0.0290973
85400 0.0290632
85500 0.0290526
85600 0.0290537
85700 0.0290548
85800 0.0290559
85900 0.0290454
86000 0.0290465
86100 0.0290592
86200 0.0290951
86300 0.0291078
86400 0.0290856
86500 0.0290751
86600 0.0290647
86700 0.0290888
86800 0.0290668
86900 0.0290909
87000 0.029092
87100 0.02907
87200 0.0290482
87300 0.0290493
87400 0.0290503
87500 0.02904
87600 0.0290639
87700 0.0290422
87800 0.0290547
87900 0.0290557
88000 0.0290909
88100 0.0291146
88200 0.0291156
88300 0.029094
88400 0.029129
88500 0.029096
88600 0.0290971
88700 0.0290981
88800 0.0291104
88900 0.0291001
89000 0.0291011
89100 0.0291246
89200 0.0291928
89300 0.0292049
89400 0.0292394
89500 0.0292737
89600 0.0292522
89700 0.0292754
89800 0.029265
89900 0.0292659
90000 0.0292778
90100 0.0292453
90200 0.0292572
90300 0.0292913
90400 0.0292588
90500 0.0292707
90600 0.0293157
90700 0.0293164
90800 0.0292952
90900 0.0293179
91000 0.0292967
91100 0.0292755
91200 0.0292763
91300 0.0292771
91400 0.0292998
91500 0.0292896
91600 0.0292795
91700 0.0292803
91800 0.029281
91900 0.0292927
92000 0.0292935
92100 0.0292834
92200 0.0292842
92300 0.0292741
92400 0.0292749
92500 0.0292649
92600 0.0292657
92700 0.0292665
92800 0.0292565
92900 0.0292573
93000 0.0292688
93100 0.0292589
93200 0.0292918
93300 0.0293033
93400 0.0292827
93500 0.0292727
93600 0.0292842
93700 0.029317
93800 0.0292964
93900 0.0292652
94000 0.029234
94100 0.0292774
94200 0.0292569
94300 0.0292365
94400 0.0292691
94500 0.0292487
94600 0.0292389
94700 0.0292291
94800 0.0292511
94900 0.0292308
95000 0.0292526
95100 0.0292534
95200 0.0292542
95300 0.0292445
95400 0.0292453
95500 0.0292775
95600 0.0292887
95700 0.029279
95800 0.0292589
95900 0.0292596
96000 0.0292292
96100 0.0291988
96200 0.0291892
96300 0.0291796
96400 0.0291494
96500 0.0291503
96600 0.0291718
96700 0.0291624
96800 0.0291529
96900 0.0291641
97000 0.0291443
97100 0.0291452
97200 0.0291255
97300 0.0291367
97400 0.0291376
97500 0.0291385
97600 0.0291189
97700 0.02913
97800 0.0291513
97900 0.029142
98000 0.0291224
98100 0.0291437
98200 0.0291141
98300 0.0291048
98400 0.0290955
98500 0.0290761
98600 0.0290669
98700 0.029078
98800 0.0290789
98900 0.0290799
99000 0.0290808
99100 0.0290918
99200 0.0290927
99300 0.0290735
99400 0.0290946
99500 0.0290754
99600 0.0290763
99700 0.0290772
99800 0.0290681
99900 0.0290891
