100 0.06
200 0.06
300 0.0533333
400 0.0425
500 0.048
600 0.0483333
700 0.0471429
800 0.05
900 0.05
1000 0.052
1100 0.0527273
1200 0.0525
1300 0.0507692
1400 0.0521429
1500 0.05
1600 0.050625
1700 0.05
1800 0.0516667
1900 0.0515789
2000 0.053
2100 0.0514286
2200 0.0504545
2300 0.0513043
2400 0.05
2500 0.0528
2600 0.0534615
2700 0.0537037
2800 0.0553571
2900 0.0565517
3000 0.0556667
3100 0.0554839
3200 0.0559375
3300 0.0554545
3400 0.0564706
3500 0.0565714
3600 0.0572222
3700 0.0575676
3800 0.0584211
3900 0.0574359
4000 0.0575
4100 0.0587805
4200 0.0585714
4300 0.0583721
4400 0.0579545
4500 0.0584444
4600 0.0578261
4700 0.0582979
4800 0.05875
4900 0.0579592
5000 0.058
5100 0.0576471
5200 0.0573077
5300 0.0577358
5400 0.0574074
5500 0.0570909
5600 0.0573214
5700 0.0578947
5800 0.0575862
5900 0.0579661
6000 0.0583333
6100 0.0581967
6200 0.0577419
6300 0.0580952
6400 0.059375
6500 0.0592308
6600 0.0590909
6700 0.058806
6800 0.0583824
6900 0.0584058
7000 0.0581429
7100 0.0580282
7200 0.0575
7300 0.0573973
7400 0.0575676
7500 0.0574667
7600 0.0578947
7700 0.0580519
7800 0.0583333
7900 0.0583544
8000 0.058375
8100 0.0580247
8200 0.0581707
8300 0.0585542
8400 0.0586905
8500 0.0584706
8600 0.0584884
8700 0.0581609
8800 0.0578409
8900 0.0575281
9000 0.0575556
9100 0.0576923
9200 0.0577174
9300 0.0576344
9400 0.0576596
9500 0.0577895
9600 0.0579167
9700 0.0580412
9800 0.0581633
9900 0.0578788
10000 0.0583
10100 0.0580198
10200 0.0577451
10300 0.0578641
10400 0.0579808
10500 0.0581905
10600 0.0578302
10700 0.057757
10800 0.0578704
10900 0.0576147
11000 0.0577273
11100 0.0576577
11200 0.0573214
11300 0.0576991
11400 0.0577193
11500 0.0575652
11600 0.0575
11700 0.0573504
11800 0.0578814
11900 0.0581513
12000 0.0581667
12100 0.0583471
12200 0.0583607
12300 0.0584553
12400 0.0584677
12500 0.05848
12600 0.0587302
12700 0.0591339
12800 0.0592187
12900 0.0592248
13000 0.0593846
13100 0.0596947
13200 0.0596212
13300 0.0596241
13400 0.0597015
13500 0.0597778
13600 0.0594853
13700 0.0592701
13800 0.0591304
13900 0.0590647
14000 0.0589286
14100 0.0590071
14200 0.0590141
14300 0.0593007
14400 0.0593056
14500 0.0595172
14600 0.059589
14700 0.0595238
14800 0.0595946
14900 0.0595973
15000 0.0596
15100 0.0596026
15200 0.0594737
15300 0.0596078
15400 0.0597403
15500 0.0597419
15600 0.0598077
15700 0.06
15800 0.0598101
15900 0.0598113
16000 0.06
16100 0.0598758
16200 0.0598148
16300 0.0599387
16400 0.059878
16500 0.0599394
16600 0.06
16700 0.0599401
16800 0.06
16900 0.06
17000 0.0600588
17100 0.06
17200 0.0599419
17300 0.0598844
17400 0.0598276
17500 0.0597143
17600 0.0594886
17700 0.059661
17800 0.0596629
17900 0.0594413
18000 0.0593889
18100 0.0598895
18200 0.0598901
18300 0.0597268
18400 0.0599457
18500 0.0602703
18600 0.0604839
18700 0.0603743
18800 0.0601596
18900 0.0600529
19000 0.06
19100 0.0600524
19200 0.0600521
19300 0.0598964
19400 0.0598454
19500 0.06
19600 0.06
19700 0.0597462
19800 0.0595455
19900 0.0596985
20000 0.0596
20100 0.0597512
20200 0.059604
20300 0.0595567
20400 0.0597059
20500 0.0598049
20600 0.0598058
20700 0.0598068
20800 0.0595673
20900 0.0596172
21000 0.0594762
21100 0.0596209
21200 0.0595755
21300 0.0596244
21400 0.0598131
21500 0.0596744
21600 0.0595833
21700 0.0595853
21800 0.0597248
21900 0.0598174
22000 0.0597273
22100 0.0595475
22200 0.0595045
22300 0.0595964
22400 0.0595536
22500 0.0598222
22600 0.059823
22700 0.0597797
22800 0.0595614
22900 0.059476
23000 0.0593043
23100 0.0593939
23200 0.0593966
23300 0.0594421
23400 0.0595299
23500 0.0595319
23600 0.0594492
23700 0.0596624
23800 0.0596218
23900 0.0596234
24000 0.059625
24100 0.059668
24200 0.0595868
24300 0.0596708
24400 0.0595902
24500 0.0595102
24600 0.0594309
24700 0.0592308
24800 0.0590323
24900 0.0590361
25000 0.05888
25100 0.0589641
25200 0.0589286
25300 0.0588538
25400 0.0587795
25500 0.0587843
25600 0.05875
25700 0.0586381
25800 0.0584884
25900 0.0585714
26000 0.0585769
26100 0.0584291
26200 0.0583969
26300 0.058403
26400 0.0582197
26500 0.0581132
26600 0.0579699
26700 0.0580524
26800 0.0581343
26900 0.0581413
27000 0.057963
27100 0.0580074
27200 0.0580882
27300 0.0580586
27400 0.0579927
27500 0.0580727
27600 0.0580072
27700 0.0580144
27800 0.0579856
27900 0.0581004
28000 0.058
28100 0.0580071
28200 0.0581206
28300 0.0580212
28400 0.057993
28500 0.0579649
28600 0.057972
28700 0.0580139
28800 0.0580556
28900 0.0579931
29000 0.0580345
29100 0.0579725
29200 0.057911
29300 0.0580205
29400 0.0580272
29500 0.058
29600 0.0578716
29700 0.0579798
29800 0.0580872
29900 0.0581271
30000 0.0582
30100 0.0581728
30200 0.058245
30300 0.0582508
30400 0.0582566
30500 0.0582951
30600 0.0582353
30700 0.0581107
30800 0.0580195
30900 0.0581553
31000 0.0581935
31100 0.0582637
31200 0.0582372
31300 0.0582428
31400 0.0582803
31500 0.0582857
31600 0.0583544
31700 0.0582965
31800 0.058239
31900 0.0582759
32000 0.0584062
32100 0.0585047
32200 0.0585404
32300 0.0585449
32400 0.0585185
32500 0.0585538
32600 0.0586503
32700 0.0585321
32800 0.0584756
32900 0.0584195
33000 0.0584848
33100 0.0586103
33200 0.0586145
33300 0.0585886
33400 0.0586527
33500 0.0585672
33600 0.0586012
33700 0.0586647
33800 0.0586982
33900 0.0588201
34000 0.0587647
34100 0.0587683
34200 0.0587427
34300 0.0586589
34400 0.0586919
34500 0.0586667
34600 0.0586127
34700 0.0585303
34800 0.058592
34900 0.0585673
35000 0.0584857
35100 0.058547
35200 0.0584943
35300 0.0585269
35400 0.0585311
35500 0.0585915
35600 0.0585393
35700 0.0585154
35800 0.0586034
35900 0.0587187
36000 0.0587222
36100 0.0586981
36200 0.0587017
36300 0.0586777
36400 0.0586264
36500 0.0586027
36600 0.0586066
36700 0.0586104
36800 0.0585326
36900 0.0585637
37000 0.0587027
37100 0.0586523
37200 0.0586022
37300 0.0586863
37400 0.0586898
37500 0.05856
37600 0.058617
37700 0.0586472
37800 0.0586243
37900 0.0586807
38000 0.0586579
38100 0.0586877
38200 0.0586387
38300 0.0585379
38400 0.0584635
38500 0.0584416
38600 0.0584974
38700 0.0584755
38800 0.0585309
38900 0.0585347
39000 0.0585128
39100 0.0585166
39200 0.0584949
39300 0.0584733
39400 0.0584264
39500 0.0585316
39600 0.0586616
39700 0.0586146
39800 0.0585678
39900 0.0586216
40000 0.058625
40100 0.0586035
40200 0.058607
40300 0.0586104
40400 0.0586386
40500 0.058642
40600 0.05867
40700 0.0586732
40800 0.0587255
40900 0.0587531
41000 0.0588049
41100 0.0587591
41200 0.0587621
41300 0.0588136
41400 0.058744
41500 0.0586988
41600 0.0586298
41700 0.058705
41800 0.0587081
41900 0.0587112
42000 0.0587381
42100 0.0586698
42200 0.0586256
42300 0.0585579
42400 0.0584906
42500 0.0585176
42600 0.0585681
42700 0.0585948
42800 0.0586215
42900 0.0585315
43000 0.0585116
43100 0.0584455
43200 0.0583796
43300 0.0584758
43400 0.0584562
43500 0.0584368
43600 0.058555
43700 0.0585355
43800 0.0585388
43900 0.0584966
44000 0.0585909
44100 0.0586621
44200 0.0587783
44300 0.058781
44400 0.0587838
44500 0.058809
44600 0.0589013
44700 0.0589038
44800 0.0589732
44900 0.0589532
45000 0.0589778
45100 0.0590244
45200 0.0590487
45300 0.0590066
45400 0.0590529
45500 0.058989
45600 0.0589912
45700 0.0590372
45800 0.0589738
45900 0.059085
46000 0.0591304
46100 0.0590889
46200 0.0591126
46300 0.0590281
46400 0.0590948
46500 0.0591398
46600 0.0591631
46700 0.0591863
46800 0.0592094
46900 0.0591898
47000 0.0591489
47100 0.059172
47200 0.0591525
47300 0.0591966
47400 0.059135
47500 0.0590737
47600 0.0591176
47700 0.0590985
47800 0.0590377
47900 0.0590397
48000 0.0590208
48100 0.0590229
48200 0.0590249
48300 0.0590476
48400 0.0590496
48500 0.0590722
48600 0.0591358
48700 0.0590965
48800 0.0592213
48900 0.0591411
49000 0.0592041
49100 0.0591242
49200 0.059126
49300 0.0591075
49400 0.0591498
49500 0.0591313
49600 0.0591129
49700 0.0590946
49800 0.0591165
49900 0.0590381
50000 0.05908
50100 0.0591018
50200 0.0590637
50300 0.059006
50400 0.0589683
50500 0.0589901
50600 0.0590514
50700 0.0590927
50800 0.0590945
50900 0.0590766
51000 0.059098
51100 0.0590607
51200 0.059043
51300 0.0590448
51400 0.0590661
51500 0.059068
51600 0.0590116
51700 0.0589555
51800 0.0589768
51900 0.0589017
52000 0.0588846
52100 0.0588484
52200 0.058908
52300 0.0589293
52400 0.0589695
52500 0.0588762
52600 0.0588213
52700 0.0588805
52800 0.0588826
52900 0.0589036
53000 0.0589245
53100 0.0589642
53200 0.0589474
53300 0.0590056
53400 0.0590075
53500 0.0589346
53600 0.0589552
53700 0.0589572
53800 0.0589963
53900 0.058961
54000 0.059
54100 0.0590203
54200 0.0590775
54300 0.0590608
54400 0.0590625
54500 0.0590459
54600 0.0590659
54700 0.0591042
54800 0.0590511
54900 0.0590528
55000 0.0591273
55100 0.0591107
55200 0.0591304
55300 0.0590778
55400 0.0590614
55500 0.059027
55600 0.0590647
55700 0.0590305
55800 0.0591219
55900 0.0590519
56000 0.0591071
56100 0.0590909
56200 0.0591103
56300 0.0591297
56400 0.0590957
56500 0.0591327
56600 0.0590636
56700 0.0590476
56800 0.0590141
56900 0.0590158
57000 0.0590702
57100 0.0590543
57200 0.0591084
57300 0.059075
57400 0.0590592
57500 0.0590435
57600 0.0589931
57700 0.0590295
57800 0.0590311
57900 0.0590501
58000 0.0590517
58100 0.059105
58200 0.0591237
58300 0.0591252
58400 0.0591267
58500 0.0591282
58600 0.0591126
58700 0.0591652
58800 0.0592007
58900 0.059219
59000 0.0591695
59100 0.0591032
59200 0.0591216
59300 0.0590894
59400 0.0591077
59500 0.0591092
59600 0.0590772
59700 0.0590955
59800 0.0591137
59900 0.0591152
60000 0.0591667
60100 0.0591681
60200 0.0591694
60300 0.0591542
60400 0.059106
60500 0.0591901
60600 0.0592244
60700 0.0592586
60800 0.0592599
60900 0.0592447
61000 0.0592295
61100 0.0592308
61200 0.0592157
61300 0.0591354
61400 0.0591857
61500 0.0591707
61600 0.0592045
61700 0.0592058
61800 0.0592395
61900 0.059273
62000 0.0593226
62100 0.0592915
62200 0.0592444
62300 0.0591653
62400 0.0592308
62500 0.059216
62600 0.059345
62700 0.059362
62800 0.059379
62900 0.0594277
63000 0.0593968
63100 0.0594612
63200 0.0594146
63300 0.0594155
63400 0.0594006
63500 0.0593701
63600 0.0593396
63700 0.0593407
63800 0.059373
63900 0.0593427
64000 0.0593594
64100 0.0593448
64200 0.0593614
64300 0.0593779
64400 0.0593789
64500 0.0593488
64600 0.0593653
64700 0.0594127
64800 0.059429
64900 0.0594299
65000 0.0594615
65100 0.0594931
65200 0.0594632
65300 0.0594793
65400 0.0594495
65500 0.0595573
65600 0.0595427
65700 0.0596043
65800 0.0595897
65900 0.0595751
66000 0.0596212
66100 0.0596369
66200 0.0596073
66300 0.0596078
66400 0.0595934
66500 0.059609
66600 0.0595646
66700 0.0595352
66800 0.0595659
66900 0.0595516
67000 0.059597
67100 0.0596274
67200 0.0595685
67300 0.0595542
67400 0.0595846
67500 0.0596148
67600 0.0595858
67700 0.0596898
67800 0.059705
67900 0.0597496
68000 0.05975
68100 0.0597357
68200 0.0597067
68300 0.0596633
68400 0.059693
68500 0.0597226
68600 0.0597668
68700 0.0598253
68800 0.0597965
68900 0.0598113
69000 0.0598551
69100 0.0598408
69200 0.059841
69300 0.0598124
69400 0.0598415
69500 0.0598417
69600 0.0598707
69700 0.0598422
69800 0.0598138
69900 0.0597711
70000 0.0597
70100 0.0597004
70200 0.0596581
70300 0.0596302
70400 0.0596307
70500 0.0596738
70600 0.0596884
70700 0.0597171
70800 0.0596469
70900 0.0597461
71000 0.0597887
71100 0.0598031
71200 0.0598596
71300 0.0598317
71400 0.0597899
71500 0.0598042
71600 0.0597765
71700 0.0597629
71800 0.0597911
71900 0.0597357
72000 0.0598056
72100 0.0598058
72200 0.0598199
72300 0.0598617
72400 0.0598481
72500 0.0598345
72600 0.0598347
72700 0.0599037
72800 0.0599038
72900 0.0598628
73000 0.0598904
73100 0.0598358
73200 0.059918
73300 0.0599454
73400 0.0599864
73500 0.0600136
73600 0.0600272
73700 0.0600271
73800 0.0600271
73900 0.06
74000 0.0599865
74100 0.059973
74200 0.060027
74300 0.0600404
74400 0.0599866
74500 0.0599597
74600 0.0599732
74700 0.0599866
74800 0.0600267
74900 0.06
75000 0.0600133
75100 0.0601065
75200 0.0600931
75300 0.060093
75400 0.0601326
75500 0.060106
75600 0.0600661
75700 0.0600925
75800 0.0601319
75900 0.0600791
76000 0.0600921
76100 0.0600788
76200 0.0600394
76300 0.0600655
76400 0.0601178
76500 0.0600654
76600 0.0600522
76700 0.0600391
76800 0.060013
76900 0.059948
77000 0.059961
77100 0.0599741
77200 0.059987
77300 0.0599741
77400 0.0600129
77500 0.0599871
77600 0.0600387
77700 0.0600643
77800 0.0600386
77900 0.06
78000 0.0600385
78100 0.0600384
78200 0.0600639
78300 0.0600511
78400 0.0600383
78500 0.0599873
78600 0.0599873
78700 0.0599873
78800 0.0600127
78900 0.0599873
79000 0.0599747
79100 0.0600253
79200 0.0600505
79300 0.0601387
79400 0.0601259
79500 0.0601258
79600 0.0601256
79700 0.060138
79800 0.0601378
79900 0.0601001
80000 0.0600875
80100 0.0600749
80200 0.0601247
80300 0.0601619
80400 0.060199
80500 0.0602236
80600 0.0602978
80700 0.0602602
80800 0.0602599
80900 0.0602719
81000 0.060284
81100 0.0602836
81200 0.0602709
81300 0.0603198
81400 0.0603685
81500 0.0603558
81600 0.0603554
81700 0.0603794
81800 0.0603056
81900 0.0603419
82000 0.0603293
82100 0.0603532
82200 0.0603528
82300 0.0603038
82400 0.0602549
82500 0.0602545
82600 0.0602421
82700 0.0601935
82800 0.060157
82900 0.0601809
83000 0.0601807
83100 0.0602046
83200 0.0602284
83300 0.0601921
83400 0.0602158
83500 0.0602036
83600 0.0601914
83700 0.0602389
83800 0.0602387
83900 0.0602384
84000 0.0602381
84100 0.0602021
84200 0.0602375
84300 0.0601898
84400 0.0601659
84500 0.060142
84600 0.0601064
84700 0.0600708
84800 0.0600354
84900 0.0600118
85000 0.06
85100 0.06
85200 0.0599765
85300 0.0599531
85400 0.0599766
85500 0.0599298
85600 0.0599533
85700 0.0599417
85800 0.0599883
85900 0.0599651
86000 0.0599767
86100 0.0599652
86200 0.0599884
86300 0.06
86400 0.0599884
86500 0.06
86600 0.06
86700 0.0600231
86800 0.0599885
86900 0.059977
87000 0.059977
87100 0.0599541
87200 0.0598968
87300 0.0598969
87400 0.0599199
87500 0.0599314
87600 0.0599658
87700 0.059943
87800 0.0599431
87900 0.0599545
88000 0.0599545
88100 0.0599773
88200 0.059966
88300 0.059932
88400 0.0599548
88500 0.0599435
88600 0.0599323
88700 0.0599211
88800 0.0599324
88900 0.05991
89000 0.0599326
89100 0.0599439
89200 0.0599776
89300 0.0600112
89400 0.0600447
89500 0.0600559
89600 0.0600335
89700 0.0600334
89800 0.06
89900 0.0600111
90000 0.06
90100 0.0599889
90200 0.0599778
90300 0.0600332
90400 0.0600111
90500 0.0600221
90600 0.0600773
90700 0.0600551
90800 0.0600771
90900 0.060077
91000 0.0600769
91100 0.060022
91200 0.0600219
91300 0.0600438
91400 0.0600547
91500 0.0600546
91600 0.0600328
91700 0.0600436
91800 0.0600327
91900 0.0600435
92000 0.0600326
92100 0.0599891
92200 0.06
92300 0.0600108
92400 0.0600216
92500 0.0600216
92600 0.060054
92700 0.0600755
92800 0.0600862
92900 0.0600754
93000 0.0600645
93100 0.0600752
93200 0.0601288
93300 0.0601501
93400 0.0601285
93500 0.0601497
93600 0.0601603
93700 0.0601814
93800 0.0601706
93900 0.0601171
94000 0.0600851
94100 0.0601169
94200 0.0601274
94300 0.0601273
94400 0.0601271
94500 0.0600952
94600 0.060074
94700 0.0600422
94800 0.0600633
94900 0.0600422
95000 0.0600947
95100 0.0601157
95200 0.0601155
95300 0.0600735
95400 0.0600734
95500 0.0601152
95600 0.0601151
95700 0.060094
95800 0.0600835
95900 0.060073
96000 0.0600208
96100 0.0599792
96200 0.0599792
96300 0.0599481
96400 0.0599378
96500 0.0599378
96600 0.0599379
96700 0.0599276
96800 0.059907
96900 0.0599174
97000 0.0599175
97100 0.0599588
97200 0.0599383
97300 0.0599383
97400 0.0599384
97500 0.059959
97600 0.0599488
97700 0.0599591
97800 0.06
97900 0.0600102
98000 0.0600204
98100 0.0600408
98200 0.0600305
98300 0.0600712
98400 0.0600406
98500 0.0600102
98600 0.0600101
98700 0.0600101
98800 0.0600101
98900 0.0600202
99000 0.0600202
99100 0.0600404
99200 0.0600504
99300 0.0600101
99400 0.06
99500 0.0599698
99600 0.0599498
99700 0.0599498
99800 0.0599098
99900 0.0599199
