100 0.15
200 0.165
300 0.143333
400 0.14
500 0.142
600 0.14
700 0.138571
800 0.1375
900 0.131111
1000 0.135
1100 0.137273
1200 0.135833
1300 0.132308
1400 0.136429
1500 0.132
1600 0.130625
1700 0.131176
1800 0.134444
1900 0.135789
2000 0.138
2100 0.135714
2200 0.136818
2300 0.136087
2400 0.135
2500 0.1356
2600 0.137692
2700 0.137407
2800 0.139286
2900 0.141034
3000 0.140333
3100 0.139355
3200 0.139687
3300 0.138788
3400 0.140294
3500 0.139429
3600 0.139722
3700 0.14
3800 0.139474
3900 0.138718
4000 0.13925
4100 0.140732
4200 0.140476
4300 0.141163
4400 0.139545
4500 0.14
4600 0.139565
4700 0.139787
4800 0.140625
4900 0.14
5000 0.1402
5100 0.140392
5200 0.140192
5300 0.140566
5400 0.140185
5500 0.140909
5600 0.140357
5700 0.141754
5800 0.140517
5900 0.140847
6000 0.141333
6100 0.140984
6200 0.140806
6300 0.141111
6400 0.1425
6500 0.141846
6600 0.141818
6700 0.141642
6800 0.141324
6900 0.140725
7000 0.140429
7100 0.140704
7200 0.139722
7300 0.139315
7400 0.139865
7500 0.140533
7600 0.141184
7700 0.140779
7800 0.141154
7900 0.140759
8000 0.14075
8100 0.139877
8200 0.139878
8300 0.14012
8400 0.139762
8500 0.139647
8600 0.140233
8700 0.140115
8800 0.139545
8900 0.139775
9000 0.139222
9100 0.139121
9200 0.139022
9300 0.13914
9400 0.139362
9500 0.139579
9600 0.139583
9700 0.139588
9800 0.140408
9900 0.139899
10000 0.1402
10100 0.140396
10200 0.140294
10300 0.140388
10400 0.140288
10500 0.140381
10600 0.140094
10700 0.14
10800 0.140278
10900 0.14
11000 0.14
11100 0.14009
11200 0.139107
11300 0.139381
11400 0.139123
11500 0.138609
11600 0.138793
11700 0.138718
11800 0.138898
11900 0.139412
12000 0.139583
12100 0.139917
12200 0.14
12300 0.14
12400 0.140081
12500 0.14008
12600 0.140397
12700 0.140945
12800 0.141172
12900 0.14093
13000 0.141077
13100 0.141374
13200 0.141212
13300 0.141579
13400 0.141716
13500 0.142074
13600 0.141618
13700 0.141314
13800 0.141159
13900 0.141151
14000 0.140929
14100 0.141206
14200 0.141338
14300 0.141399
14400 0.14125
14500 0.141724
14600 0.141438
14700 0.141429
14800 0.141486
14900 0.141678
15000 0.142
15100 0.14245
15200 0.142368
15300 0.142614
15400 0.142922
15500 0.143032
15600 0.142949
15700 0.14293
15800 0.142975
15900 0.142893
16000 0.143063
16100 0.142795
16200 0.142963
16300 0.142883
16400 0.142622
16500 0.142424
16600 0.142289
16700 0.142096
16800 0.142083
16900 0.141893
17000 0.142118
17100 0.142281
17200 0.142035
17300 0.14185
17400 0.141724
17500 0.141486
17600 0.141136
17700 0.141186
17800 0.141236
17900 0.141173
18000 0.141
18100 0.141657
18200 0.141593
18300 0.141475
18400 0.141848
18500 0.14227
18600 0.142473
18700 0.14246
18800 0.142234
18900 0.142434
19000 0.142789
19100 0.142827
19200 0.14276
19300 0.142383
19400 0.142216
19500 0.142359
19600 0.142704
19700 0.142487
19800 0.142172
19900 0.142312
20000 0.14215
20100 0.142388
20200 0.142277
20300 0.142167
20400 0.142108
20500 0.142293
20600 0.142524
20700 0.142609
20800 0.1425
20900 0.14244
21000 0.142286
21100 0.14237
21200 0.142264
21300 0.142113
21400 0.14229
21500 0.14214
21600 0.141898
21700 0.141935
21800 0.142156
21900 0.142192
22000 0.142136
22100 0.142172
22200 0.141982
22300 0.141973
22400 0.14192
22500 0.142044
22600 0.141991
22700 0.141938
22800 0.141535
22900 0.141659
23000 0.141348
23100 0.141429
23200 0.141509
23300 0.14133
23400 0.141496
23500 0.141447
23600 0.141356
23700 0.141519
23800 0.141639
23900 0.141464
24000 0.141542
24100 0.141701
24200 0.141612
24300 0.141605
24400 0.141516
24500 0.141388
24600 0.141504
24700 0.141417
24800 0.14125
24900 0.141285
25000 0.14104
25100 0.141116
25200 0.14123
25300 0.141067
25400 0.140866
25500 0.140941
25600 0.140977
25700 0.140895
25800 0.140814
25900 0.140772
26000 0.140769
26100 0.140536
26200 0.140458
26300 0.140342
26400 0.140379
26500 0.140113
26600 0.139812
26700 0.139738
26800 0.139627
26900 0.13974
27000 0.13963
27100 0.139742
27200 0.139816
27300 0.139853
27400 0.139854
27500 0.139964
27600 0.139783
27700 0.139856
27800 0.139748
27900 0.14
28000 0.139821
28100 0.139822
28200 0.139858
28300 0.139647
28400 0.139577
28500 0.139544
28600 0.139476
28700 0.139582
28800 0.139687
28900 0.139619
29000 0.139724
29100 0.139794
29200 0.13976
29300 0.139932
29400 0.140034
29500 0.14
29600 0.140068
29700 0.140067
29800 0.14
29900 0.140067
30000 0.140167
30100 0.140199
30200 0.140265
30300 0.140264
30400 0.140132
30500 0.140164
30600 0.140065
30700 0.13987
30800 0.139805
30900 0.139838
31000 0.139871
31100 0.139871
31200 0.139744
31300 0.139712
31400 0.139554
31500 0.139524
31600 0.139589
31700 0.139558
31800 0.139528
31900 0.139875
32000 0.14
32100 0.140062
32200 0.140248
32300 0.140155
32400 0.140093
32500 0.14
32600 0.139969
32700 0.139817
32800 0.139695
32900 0.139544
33000 0.139545
33100 0.139577
33200 0.139608
33300 0.13955
33400 0.139461
33500 0.139313
33600 0.139167
33700 0.139021
33800 0.139053
33900 0.139086
34000 0.139
34100 0.139091
34200 0.139094
34300 0.138921
34400 0.138983
34500 0.138928
34600 0.138786
34700 0.138674
34800 0.138649
34900 0.138567
35000 0.138486
35100 0.138604
35200 0.138722
35300 0.138867
35400 0.138785
35500 0.138732
35600 0.138596
35700 0.138487
35800 0.138547
35900 0.138579
36000 0.1385
36100 0.138587
36200 0.138646
36300 0.13854
36400 0.138544
36500 0.138493
36600 0.138525
36700 0.138447
36800 0.138451
36900 0.138374
37000 0.138595
37100 0.138571
37200 0.138468
37300 0.138525
37400 0.138556
37500 0.13848
37600 0.138484
37700 0.138435
37800 0.138598
37900 0.138628
38000 0.138684
38100 0.138688
38200 0.138665
38300 0.138668
38400 0.138568
38500 0.138494
38600 0.138497
38700 0.138501
38800 0.13866
38900 0.138638
39000 0.138538
39100 0.138465
39200 0.138469
39300 0.13855
39400 0.138401
39500 0.138481
39600 0.138611
39700 0.138615
39800 0.138568
39900 0.138571
40000 0.13855
40100 0.138579
40200 0.138607
40300 0.138635
40400 0.138663
40500 0.138691
40600 0.138596
40700 0.138698
40800 0.138725
40900 0.138704
41000 0.13878
41100 0.138759
41200 0.138738
41300 0.138668
41400 0.138768
41500 0.138699
41600 0.138654
41700 0.138729
41800 0.138756
41900 0.138735
42000 0.13881
42100 0.138765
42200 0.138697
42300 0.138629
42400 0.138585
42500 0.138706
42600 0.138803
42700 0.138852
42800 0.138949
42900 0.138811
43000 0.138744
43100 0.138585
43200 0.138449
43300 0.13843
43400 0.13841
43500 0.138391
43600 0.138509
43700 0.13849
43800 0.138447
43900 0.138405
44000 0.138477
44100 0.138549
44200 0.138665
44300 0.138758
44400 0.138694
44500 0.138719
44600 0.138767
44700 0.138814
44800 0.138951
44900 0.138864
45000 0.138933
45100 0.138914
45200 0.138982
45300 0.138918
45400 0.138965
45500 0.138945
45600 0.139035
45700 0.139059
45800 0.138974
45900 0.139129
46000 0.139196
46100 0.139219
46200 0.139134
46300 0.139114
46400 0.139116
46500 0.139247
46600 0.139227
46700 0.139272
46800 0.139295
46900 0.139382
47000 0.139447
47100 0.13949
47200 0.13947
47300 0.139514
47400 0.139515
47500 0.139453
47600 0.139496
47700 0.139476
47800 0.139498
47900 0.139436
48000 0.139417
48100 0.139439
48200 0.139419
48300 0.139503
48400 0.139483
48500 0.139464
48600 0.139486
48700 0.139446
48800 0.139529
48900 0.139468
49000 0.139571
49100 0.13945
49200 0.139431
49300 0.139331
49400 0.139332
49500 0.139333
49600 0.139335
49700 0.139477
49800 0.139378
49900 0.139299
50000 0.13934
50100 0.139301
50200 0.139243
50300 0.139284
50400 0.139266
50500 0.139267
50600 0.13919
50700 0.139369
50800 0.139409
50900 0.139411
51000 0.139353
51100 0.139354
51200 0.139316
51300 0.139318
51400 0.139319
51500 0.13932
51600 0.13936
51700 0.139265
51800 0.139324
51900 0.139268
52000 0.139192
52100 0.139175
52200 0.139215
52300 0.139197
52400 0.139141
52500 0.13901
52600 0.138897
52700 0.138861
52800 0.138845
52900 0.13879
53000 0.138774
53100 0.138889
53200 0.138797
53300 0.138799
53400 0.138764
53500 0.138692
53600 0.138675
53700 0.138678
53800 0.138736
53900 0.138627
54000 0.13863
54100 0.138743
54200 0.138708
54300 0.138674
54400 0.138676
54500 0.138624
54600 0.138608
54700 0.138556
54800 0.138558
54900 0.138506
55000 0.138636
55100 0.138603
55200 0.138641
55300 0.138626
55400 0.138628
55500 0.138649
55600 0.138777
55700 0.138743
55800 0.138835
55900 0.138766
56000 0.138839
56100 0.138806
56200 0.138843
56300 0.138881
56400 0.138918
56500 0.139009
56600 0.138887
56700 0.138836
56800 0.138838
56900 0.138946
57000 0.13907
57100 0.139002
57200 0.139021
57300 0.138935
57400 0.138937
57500 0.139009
57600 0.138976
57700 0.138943
57800 0.138962
57900 0.138981
58000 0.138966
58100 0.138967
58200 0.138935
58300 0.138954
58400 0.139041
58500 0.139026
58600 0.13901
58700 0.13908
58800 0.139065
58900 0.139066
59000 0.139
59100 0.138917
59200 0.13897
59300 0.139005
59400 0.139024
59500 0.139109
59600 0.139128
59700 0.139112
59800 0.139181
59900 0.139149
60000 0.139183
60100 0.139168
60200 0.139136
60300 0.139138
60400 0.139073
60500 0.139207
60600 0.139208
60700 0.139242
60800 0.139194
60900 0.139146
61000 0.13923
61100 0.139198
61200 0.139248
61300 0.139152
61400 0.139186
61500 0.139203
61600 0.139221
61700 0.139254
61800 0.139304
61900 0.139354
62000 0.139419
62100 0.139356
62200 0.139325
62300 0.139294
62400 0.139391
62500 0.139424
62600 0.139553
62700 0.139569
62800 0.139586
62900 0.139603
63000 0.139603
63100 0.139762
63200 0.139652
63300 0.139621
63400 0.139606
63500 0.139654
63600 0.139591
63700 0.139639
63800 0.139624
63900 0.139609
64000 0.139719
64100 0.139719
64200 0.139798
64300 0.139767
64400 0.139829
64500 0.139845
64600 0.139861
64700 0.139845
64800 0.139799
64900 0.139769
65000 0.139862
65100 0.139939
65200 0.139862
65300 0.139893
65400 0.139862
65500 0.139954
65600 0.139893
65700 0.13997
65800 0.139894
65900 0.139879
66000 0.139939
66100 0.139985
66200 0.13997
66300 0.13997
66400 0.139985
66500 0.13997
66600 0.139895
66700 0.139955
66800 0.13997
66900 0.14
67000 0.140075
67100 0.140089
67200 0.140045
67300 0.14003
67400 0.14003
67500 0.140015
67600 0.139985
67700 0.140118
67800 0.140103
67900 0.140118
68000 0.140103
68100 0.140088
68200 0.140059
68300 0.14
68400 0.140029
68500 0.140102
68600 0.140131
68700 0.14016
68800 0.140087
68900 0.140116
69000 0.140145
69100 0.140145
69200 0.140159
69300 0.140087
69400 0.140159
69500 0.140158
69600 0.140201
69700 0.140129
69800 0.140143
69900 0.140129
70000 0.14
70100 0.140014
70200 0.139972
70300 0.139957
70400 0.139929
70500 0.139915
70600 0.139986
70700 0.14
70800 0.139901
70900 0.140071
71000 0.140042
71100 0.139986
71200 0.14
71300 0.14
71400 0.140042
71500 0.140042
71600 0.139972
71700 0.13993
71800 0.139958
71900 0.139833
72000 0.139861
72100 0.139834
72200 0.139792
72300 0.13982
72400 0.139807
72500 0.139821
72600 0.139835
72700 0.139986
72800 0.139959
72900 0.139918
73000 0.139918
73100 0.139959
73200 0.14
73300 0.140055
73400 0.140095
73500 0.140204
73600 0.140149
73700 0.140204
73800 0.140271
73900 0.14023
74000 0.140297
74100 0.140256
74200 0.140283
74300 0.140336
74400 0.140336
74500 0.140309
74600 0.140241
74700 0.140187
74800 0.140267
74900 0.140294
75000 0.14028
75100 0.140426
75200 0.140426
75300 0.140412
75400 0.140477
75500 0.140397
75600 0.140384
75700 0.140396
75800 0.140409
75900 0.140356
76000 0.140355
76100 0.140355
76200 0.140341
76300 0.140406
76400 0.140484
76500 0.140458
76600 0.140444
76700 0.140456
76800 0.140391
76900 0.140338
77000 0.140351
77100 0.14035
77200 0.14035
77300 0.140298
77400 0.140323
77500 0.140297
77600 0.140309
77700 0.140335
77800 0.140347
77900 0.140282
78000 0.140282
78100 0.14032
78200 0.140358
78300 0.140319
78400 0.140319
78500 0.14028
78600 0.14028
78700 0.140267
78800 0.140292
78900 0.140241
79000 0.140177
79100 0.140215
79200 0.140341
79300 0.14034
79400 0.140277
79500 0.140302
79600 0.140352
79700 0.140364
79800 0.140363
79900 0.140313
80000 0.140375
80100 0.140387
80200 0.140399
80300 0.140411
80400 0.140423
80500 0.140422
80600 0.140484
80700 0.140397
80800 0.140347
80900 0.140358
81000 0.140395
81100 0.140382
81200 0.140406
81300 0.140455
81400 0.140455
81500 0.140479
81600 0.14049
81700 0.140514
81800 0.14044
81900 0.140476
82000 0.140451
82100 0.140487
82200 0.140499
82300 0.140413
82400 0.140352
82500 0.140327
82600 0.140291
82700 0.140254
82800 0.140254
82900 0.140277
83000 0.140253
83100 0.140301
83200 0.140288
83300 0.140252
83400 0.140324
83500 0.140252
83600 0.140215
83700 0.140239
83800 0.140274
83900 0.140274
84000 0.140262
84100 0.140262
84200 0.140261
84300 0.140166
84400 0.140142
84500 0.140142
84600 0.14013
84700 0.140094
84800 0.140094
84900 0.140071
85000 0.140094
85100 0.140094
85200 0.140106
85300 0.140059
85400 0.140082
85500 0.140035
85600 0.140058
85700 0.14
85800 0.140035
85900 0.14
86000 0.139988
86100 0.139965
86200 0.140012
86300 0.139988
86400 0.139988
86500 0.14
86600 0.139988
86700 0.140046
86800 0.139977
86900 0.139931
87000 0.13992
87100 0.139897
87200 0.139817
87300 0.139805
87400 0.139828
87500 0.139829
87600 0.139977
87700 0.139954
87800 0.139932
87900 0.139977
88000 0.139955
88100 0.139966
88200 0.139921
88300 0.139921
88400 0.139921
88500 0.139921
88600 0.139932
88700 0.139921
88800 0.139921
88900 0.139888
89000 0.13991
89100 0.13991
89200 0.13991
89300 0.13991
89400 0.139922
89500 0.139944
89600 0.139911
89700 0.139911
89800 0.139844
89900 0.139822
90000 0.139811
90100 0.139767
90200 0.139723
90300 0.139745
90400 0.139735
90500 0.139735
90600 0.13979
90700 0.139791
90800 0.139813
90900 0.139802
91000 0.139813
91100 0.13978
91200 0.13977
91300 0.139803
91400 0.139847
91500 0.139858
91600 0.139869
91700 0.139847
91800 0.139858
91900 0.139859
92000 0.139859
92100 0.139783
92200 0.139794
92300 0.139762
92400 0.139708
92500 0.139697
92600 0.13973
92700 0.139709
92800 0.139687
92900 0.139699
93000 0.13972
93100 0.139764
93200 0.139785
93300 0.139818
93400 0.139797
93500 0.139818
93600 0.139829
93700 0.13984
93800 0.139787
93900 0.139734
94000 0.139713
94100 0.139766
94200 0.139777
94300 0.139745
94400 0.139714
94500 0.139661
94600 0.139651
94700 0.13962
94800 0.139641
94900 0.1396
95000 0.139621
95100 0.139569
95200 0.139601
95300 0.13957
95400 0.13957
95500 0.139581
95600 0.139571
95700 0.139519
95800 0.139509
95900 0.13951
96000 0.139417
96100 0.139407
96200 0.139387
96300 0.139315
96400 0.139326
96500 0.139358
96600 0.139358
96700 0.139328
96800 0.139308
96900 0.13936
97000 0.13932
97100 0.139361
97200 0.139331
97300 0.139363
97400 0.139384
97500 0.139395
97600 0.139365
97700 0.139365
97800 0.139499
97900 0.13954
98000 0.139531
98100 0.139582
98200 0.139542
98300 0.139573
98400 0.139553
98500 0.139563
98600 0.139594
98700 0.139615
98800 0.139615
98900 0.139596
99000 0.139586
99100 0.139596
99200 0.139567
99300 0.139517
99400 0.139507
99500 0.139487
99600 0.139458
99700 0.139418
99800 0.139449
99900 0.139469
