0.5023
0.3304
0.2484
0.2049
0.1693
0.1413
0.1255
0.1095
0.1035
0.0882
0.0858
0.0786
0.0719
0.0694
0.0658
0.0595
0.0552
0.0524
0.0524
0.0483
0.0428
0.0424
0.0447
0.0406
0.0406
0.0367
0.0369
0.0346
0.0355
0.0329
0.0319
0.0288
0.0281
0.0286
0.0288
0.0269
0.0265
0.0263
0.0247
0.024
0.024
0.0246
0.0216
0.0231
0.0209
0.0206
0.0224
0.0174
0.021
0.0182
0.0214
0.0187
0.0179
0.0172
0.0202
0.0186
0.0153
0.0171
0.0196
0.0187
0.0185
0.0177
0.0155
0.015
0.0153
0.014
0.0139
0.0135
0.0139
0.0155
0.0155
0.0135
0.013
0.0135
0.0144
0.012
0.0145
0.0124
0.0114
0.0125
0.0108
0.0124
0.0124
0.0108
0.0123
0.0116
0.0114
0.0117
0.0118
0.0111
0.0096
0.0108
0.011
0.0101
0.0102
0.0098
0.01
0.0094
0.0107
0.0087
