100 0.01
200 0.015
300 0.01
400 0.0075
500 0.01
600 0.01
700 0.0142857
800 0.01625
900 0.0166667
1000 0.018
1100 0.02
1200 0.0191667
1300 0.0184615
1400 0.0185714
1500 0.0173333
1600 0.0175
1700 0.0164706
1800 0.0177778
1900 0.0168421
2000 0.0165
2100 0.0161905
2200 0.0163636
2300 0.0169565
2400 0.0166667
2500 0.0176
2600 0.0176923
2700 0.0174074
2800 0.0171429
2900 0.0172414
3000 0.0166667
3100 0.016129
3200 0.0165625
3300 0.0163636
3400 0.0170588
3500 0.0165714
3600 0.0166667
3700 0.0167568
3800 0.0171053
3900 0.0171795
4000 0.01775
4100 0.0178049
4200 0.0180952
4300 0.017907
4400 0.0177273
4500 0.0184444
4600 0.0182609
4700 0.0182979
4800 0.01875
4900 0.0187755
5000 0.0184
5100 0.0188235
5200 0.0192308
5300 0.0198113
5400 0.02
5500 0.02
5600 0.02
5700 0.0198246
5800 0.0198276
5900 0.02
6000 0.0201667
6100 0.0198361
6200 0.0195161
6300 0.0193651
6400 0.0195313
6500 0.0192308
6600 0.0192424
6700 0.0191045
6800 0.0188235
6900 0.0189855
7000 0.019
7100 0.0188732
7200 0.0188889
7300 0.0189041
7400 0.0190541
7500 0.0188
7600 0.0192105
7700 0.0193506
7800 0.0192308
7900 0.0191139
8000 0.01925
8100 0.0190123
8200 0.0191463
8300 0.0190361
8400 0.0189286
8500 0.0188235
8600 0.0188372
8700 0.0187356
8800 0.0185227
8900 0.0185393
9000 0.0187778
9100 0.0189011
9200 0.0188043
9300 0.0189247
9400 0.0189362
9500 0.0189474
9600 0.0190625
9700 0.0191753
9800 0.0190816
9900 0.0190909
10000 0.0192
10100 0.0192079
10200 0.0192157
10300 0.0194175
10400 0.0194231
10500 0.0197143
10600 0.0196226
10700 0.0196262
10800 0.0197222
10900 0.0197248
11000 0.0196364
11100 0.0195495
11200 0.0195536
11300 0.019823
11400 0.0199123
11500 0.019913
11600 0.0199138
11700 0.0198291
11800 0.0200847
11900 0.020084
12000 0.02
12100 0.0200826
12200 0.0204098
12300 0.0204065
12400 0.0205645
12500 0.02064
12600 0.0207143
12700 0.0208661
12800 0.0208594
12900 0.0209302
13000 0.021
13100 0.0209924
13200 0.0208333
13300 0.0209023
13400 0.0209701
13500 0.020963
13600 0.0208824
13700 0.0207299
13800 0.0206522
13900 0.0205036
14000 0.0206429
14100 0.0206383
14200 0.0205634
14300 0.0205594
14400 0.020625
14500 0.0206207
14600 0.0205479
14700 0.0205442
14800 0.0205405
14900 0.0205369
15000 0.0204667
15100 0.0204636
15200 0.0204605
15300 0.0203922
15400 0.0204545
15500 0.0204516
15600 0.0205128
15700 0.0205732
15800 0.020443
15900 0.0203774
16000 0.0205625
16100 0.0204969
16200 0.0203704
16300 0.0203067
16400 0.0203049
16500 0.0201818
16600 0.020241
16700 0.0203593
16800 0.0205357
16900 0.0204142
17000 0.0204706
17100 0.0204678
17200 0.0203488
17300 0.0203468
17400 0.0202874
17500 0.0201714
17600 0.0200568
17700 0.0200565
17800 0.0201124
17900 0.02
18000 0.0199444
18100 0.02
18200 0.0201099
18300 0.0201093
18400 0.02
18500 0.0201081
18600 0.0202151
18700 0.0202139
18800 0.0201596
18900 0.0201058
19000 0.0201579
19100 0.0202094
19200 0.0201562
19300 0.0201036
19400 0.02
19500 0.0200513
19600 0.02
19700 0.0198985
19800 0.0198485
19900 0.0198995
20000 0.0198
20100 0.0198507
20200 0.0198515
20300 0.0197537
20400 0.019902
20500 0.02
20600 0.0199515
20700 0.0199517
20800 0.0198558
20900 0.0198086
21000 0.0197619
21100 0.0198578
21200 0.0198113
21300 0.0198122
21400 0.0199065
21500 0.0198605
21600 0.0198611
21700 0.0198618
21800 0.0199541
21900 0.0200457
22000 0.0199545
22100 0.0199548
22200 0.019955
22300 0.0199552
22400 0.0199554
22500 0.0200444
22600 0.0200442
22700 0.0200881
22800 0.0200439
22900 0.0200873
23000 0.020087
23100 0.0201732
23200 0.0201724
23300 0.0201288
23400 0.0201282
23500 0.0200851
23600 0.02
23700 0.0200422
23800 0.020042
23900 0.0200837
24000 0.020125
24100 0.020166
24200 0.0200826
24300 0.0200823
24400 0.020082
24500 0.0200408
24600 0.02
24700 0.019919
24800 0.0198387
24900 0.0198795
25000 0.01984
25100 0.0198008
25200 0.0198016
25300 0.0197628
25400 0.0197244
25500 0.0197255
25600 0.0196875
25700 0.0196887
25800 0.0196124
25900 0.0196911
26000 0.0196923
26100 0.0196169
26200 0.0196565
26300 0.0196578
26400 0.0195833
26500 0.0195472
26600 0.0195489
26700 0.0195506
26800 0.0196269
26900 0.0195911
27000 0.0195185
27100 0.0195572
27200 0.0195588
27300 0.0195604
27400 0.0195255
27500 0.0195273
27600 0.0194565
27700 0.0194946
27800 0.0195324
27900 0.0195699
28000 0.0195357
28100 0.019573
28200 0.0196099
28300 0.0196466
28400 0.0197183
28500 0.0198246
28600 0.0198252
28700 0.0198258
28800 0.0198958
28900 0.0199654
29000 0.019931
29100 0.0198969
29200 0.019863
29300 0.0198976
29400 0.019966
29500 0.0200339
29600 0.0199662
29700 0.0199327
29800 0.0199329
29900 0.0199666
30000 0.02
30100 0.02
30200 0.02
30300 0.019967
30400 0.0199671
30500 0.02
30600 0.0199346
30700 0.0199023
30800 0.0198701
30900 0.0199029
31000 0.0198387
31100 0.0199035
31200 0.0198718
31300 0.0198722
31400 0.0198408
31500 0.019873
31600 0.0198734
31700 0.0198107
31800 0.0198113
31900 0.0198119
32000 0.0198437
32100 0.0199688
32200 0.0199379
32300 0.02
32400 0.02
32500 0.0199692
32600 0.0199386
32700 0.0199388
32800 0.0199085
32900 0.0199088
33000 0.0199091
33100 0.0198792
33200 0.0198494
33300 0.0197898
33400 0.0197605
33500 0.0197015
33600 0.0196726
33700 0.0196439
33800 0.0197337
33900 0.0197935
34000 0.0197647
34100 0.0197361
34200 0.0197368
34300 0.0197085
34400 0.0197093
34500 0.0196812
34600 0.0196821
34700 0.0196542
34800 0.0196552
34900 0.0196275
35000 0.0195714
35100 0.0196296
35200 0.0196307
35300 0.0196317
35400 0.0196045
35500 0.019662
35600 0.0196348
35700 0.0195798
35800 0.019581
35900 0.0196657
36000 0.0196944
36100 0.019723
36200 0.0196961
36300 0.0196419
36400 0.0196429
36500 0.0196164
36600 0.0196175
36700 0.0196458
36800 0.0196467
36900 0.0196477
37000 0.0196486
37100 0.0196226
37200 0.0195968
37300 0.019571
37400 0.0195455
37500 0.0194933
37600 0.0194947
37700 0.0195225
37800 0.0194974
37900 0.0195251
38000 0.0195263
38100 0.0195276
38200 0.0195288
38300 0.0194778
38400 0.0194271
38500 0.0194026
38600 0.0193782
38700 0.0193798
38800 0.0194072
38900 0.019383
39000 0.0193846
39100 0.0193862
39200 0.0193878
39300 0.0193893
39400 0.0193655
39500 0.0194684
39600 0.0194949
39700 0.019471
39800 0.0194472
39900 0.0194737
40000 0.01945
40100 0.0194264
40200 0.0194776
40300 0.0195285
40400 0.019505
40500 0.0194815
40600 0.0194581
40700 0.0194103
40800 0.0194363
40900 0.0194132
41000 0.019439
41100 0.0193917
41200 0.0193689
41300 0.0193462
41400 0.0193478
41500 0.0193012
41600 0.0192548
41700 0.0192806
41800 0.0193062
41900 0.0193079
42000 0.0193095
42100 0.0192637
42200 0.0192654
42300 0.0192199
42400 0.0192217
42500 0.0192235
42600 0.0192254
42700 0.0192506
42800 0.0193224
42900 0.0193007
43000 0.0192558
43100 0.0192343
43200 0.0192361
43300 0.0192841
43400 0.0192396
43500 0.0192644
43600 0.0193119
43700 0.0193135
43800 0.0193151
43900 0.0192711
44000 0.0192955
44100 0.0193424
44200 0.0193665
44300 0.0193679
44400 0.0193468
44500 0.0193933
44600 0.0193946
44700 0.0194407
44800 0.0194643
44900 0.0194432
45000 0.0194667
45100 0.0195122
45200 0.0194912
45300 0.0194702
45400 0.0194273
45500 0.0193846
45600 0.019386
45700 0.0194311
45800 0.0194105
45900 0.0194118
46000 0.019413
46100 0.0194143
46200 0.0194156
46300 0.0193736
46400 0.0194397
46500 0.0194409
46600 0.0194421
46700 0.0194004
46800 0.0193803
46900 0.019403
47000 0.0193617
47100 0.0194268
47200 0.019428
47300 0.0194715
47400 0.0194726
47500 0.0194316
47600 0.0194748
47700 0.0194759
47800 0.0194351
47900 0.0194154
48000 0.0194167
48100 0.0193971
48200 0.0194191
48300 0.0193996
48400 0.0194008
48500 0.0193814
48600 0.0193621
48700 0.0193429
48800 0.0193443
48900 0.0193252
49000 0.0193469
49100 0.0193075
49200 0.0192683
49300 0.0192698
49400 0.019251
49500 0.0192323
49600 0.0191935
49700 0.0191751
49800 0.0191767
49900 0.0191784
50000 0.01918
50100 0.0191816
50200 0.0191633
50300 0.0191252
50400 0.0191071
50500 0.0190891
50600 0.0191304
50700 0.0191519
50800 0.0191339
50900 0.0191159
51000 0.0191373
51100 0.0191194
51200 0.0191016
51300 0.0191033
51400 0.019144
51500 0.0191262
51600 0.0191279
51700 0.0191296
51800 0.019112
51900 0.0190944
52000 0.0191346
52100 0.0190979
52200 0.0191379
52300 0.0191396
52400 0.0191603
52500 0.0191238
52600 0.0190875
52700 0.0190702
52800 0.019053
52900 0.0190548
53000 0.0190377
53100 0.0190207
53200 0.0190226
53300 0.0190432
53400 0.0190449
53500 0.019028
53600 0.0190112
53700 0.0189758
53800 0.0189777
53900 0.0189425
54000 0.018963
54100 0.0189649
54200 0.0189483
54300 0.0189687
54400 0.0189706
54500 0.0189358
54600 0.0189194
54700 0.0189397
54800 0.0189599
54900 0.0189982
55000 0.0190182
55100 0.01902
55200 0.0190217
55300 0.0189873
55400 0.0189711
55500 0.018973
55600 0.0189748
55700 0.0189587
55800 0.0189964
55900 0.0189624
56000 0.019
56100 0.0189661
56200 0.0189858
56300 0.0190231
56400 0.0190071
56500 0.0190442
56600 0.0190106
56700 0.0190123
56800 0.0189789
56900 0.0190334
57000 0.0191053
57100 0.0191068
57200 0.0191259
57300 0.0191274
57400 0.0191638
57500 0.0191652
57600 0.0191493
57700 0.0191681
57800 0.0191869
57900 0.0192055
58000 0.0192414
58100 0.0192599
58200 0.0192784
58300 0.0192624
58400 0.0192637
58500 0.0192479
58600 0.019215
58700 0.0191993
58800 0.0192007
58900 0.019202
59000 0.0191864
59100 0.019154
59200 0.0191723
59300 0.0191568
59400 0.0191582
59500 0.0191597
59600 0.0191443
59700 0.019129
59800 0.0191137
59900 0.0191152
60000 0.0191167
60100 0.0191181
60200 0.0191528
60300 0.0191542
60400 0.0191391
60500 0.019124
60600 0.0191419
60700 0.0191763
60800 0.0191776
60900 0.0191954
61000 0.0191967
61100 0.0192144
61200 0.019183
61300 0.019168
61400 0.0191857
61500 0.0191545
61600 0.0191558
61700 0.0191248
61800 0.0190939
61900 0.0191276
62000 0.0191452
62100 0.0191465
62200 0.0191318
62300 0.0191172
62400 0.0191186
62500 0.019136
62600 0.0192173
62700 0.0192026
62800 0.0192516
62900 0.0192687
63000 0.019254
63100 0.0192552
63200 0.0192563
63300 0.0192733
63400 0.0192587
63500 0.0192441
63600 0.0192138
63700 0.0192308
63800 0.019232
63900 0.0192175
64000 0.0192031
64100 0.0192356
64200 0.0192056
64300 0.0192224
64400 0.0192236
64500 0.0191938
64600 0.019226
64700 0.0192581
64800 0.0192438
64900 0.019245
65000 0.0192615
65100 0.0192934
65200 0.0192945
65300 0.0193262
65400 0.0193578
65500 0.0194809
65600 0.0194665
65700 0.0194825
65800 0.0194833
65900 0.0194689
66000 0.0194848
66100 0.0195008
66200 0.0194713
66300 0.0194872
66400 0.0194729
66500 0.0194586
66600 0.0194444
66700 0.0194603
66800 0.019476
66900 0.0194918
67000 0.0194925
67100 0.0194933
67200 0.0194792
67300 0.0194651
67400 0.0194659
67500 0.0194667
67600 0.0194527
67700 0.019483
67800 0.019469
67900 0.0194845
68000 0.0194853
68100 0.0195007
68200 0.0195015
68300 0.0194729
68400 0.0194737
68500 0.0195328
68600 0.0195335
68700 0.0195779
68800 0.019564
68900 0.0195646
69000 0.0195797
69100 0.0195514
69200 0.019552
69300 0.0195238
69400 0.0195101
69500 0.0195252
69600 0.0195259
69700 0.0195265
69800 0.0195129
69900 0.0195279
70000 0.0195
70100 0.019515
70200 0.0194872
70300 0.0194879
70400 0.0195028
70500 0.0195319
70600 0.0195467
70700 0.0195474
70800 0.0195198
70900 0.0195769
71000 0.0196056
71100 0.0196062
71200 0.0196067
71300 0.0196073
71400 0.0195938
71500 0.0196084
71600 0.019581
71700 0.0195816
71800 0.0195543
71900 0.019541
72000 0.0196111
72100 0.0195978
72200 0.0195983
72300 0.0195851
72400 0.0195718
72500 0.0195448
72600 0.0195592
72700 0.0195873
72800 0.0195742
72900 0.019561
73000 0.0195753
73100 0.0195622
73200 0.0195628
73300 0.0195771
73400 0.0196049
73500 0.0195918
73600 0.019606
73700 0.0195929
73800 0.0195935
73900 0.019594
74000 0.0196081
74100 0.0195951
74200 0.0195822
74300 0.0195693
74400 0.0195565
74500 0.0195436
74600 0.0195308
74700 0.0195181
74800 0.0195455
74900 0.0195327
75000 0.0195467
75100 0.0196138
75200 0.0196144
75300 0.0196149
75400 0.0196154
75500 0.0196026
75600 0.0196164
75700 0.0196301
75800 0.0196306
75900 0.0196047
76000 0.0195921
76100 0.0196058
76200 0.0196063
76300 0.019633
76400 0.0196466
76500 0.019634
76600 0.0196345
76700 0.0196349
76800 0.0196354
76900 0.0196099
77000 0.0196234
77100 0.0196368
77200 0.0196503
77300 0.0196636
77400 0.0196641
77500 0.0196387
77600 0.0196649
77700 0.0196782
77800 0.019653
77900 0.0196406
78000 0.019641
78100 0.0196671
78200 0.0196419
78300 0.0196296
78400 0.0196173
78500 0.0196051
78600 0.0196183
78700 0.0196061
78800 0.0195939
78900 0.0195817
79000 0.0195823
79100 0.0196207
79200 0.0196086
79300 0.0196343
79400 0.0196348
79500 0.0196226
79600 0.0196106
79700 0.0195985
79800 0.0196115
79900 0.0195995
80000 0.0196125
80100 0.019613
80200 0.0196384
80300 0.0196887
80400 0.0196766
80500 0.0196894
80600 0.0197146
80700 0.0197026
80800 0.0196906
80900 0.0197033
81000 0.019716
81100 0.0197164
81200 0.0197044
81300 0.0197294
81400 0.0197297
81500 0.0197178
81600 0.0196936
81700 0.019694
81800 0.0196699
81900 0.0196581
82000 0.0196463
82100 0.0196224
82200 0.0196107
82300 0.0195869
82400 0.0195631
82500 0.0195758
82600 0.0195521
82700 0.0195526
82800 0.0195531
82900 0.0195537
83000 0.0195542
83100 0.0195668
83200 0.0196034
83300 0.0196038
83400 0.0196043
83500 0.0195808
83600 0.0195574
83700 0.0195818
83800 0.0195704
83900 0.019559
84000 0.0195595
84100 0.01956
84200 0.0195724
84300 0.0195611
84400 0.0195616
84500 0.0195503
84600 0.0195272
84700 0.0195277
84800 0.0195283
84900 0.0195171
85000 0.0195176
85100 0.0195182
85200 0.019507
85300 0.0194959
85400 0.0194731
85500 0.0194737
85600 0.0194509
85700 0.0194516
85800 0.0194522
85900 0.0194412
86000 0.0194419
86100 0.0194541
86200 0.019478
86300 0.0194786
86400 0.0194676
86500 0.0194682
86600 0.0194688
86700 0.0194925
86800 0.01947
86900 0.0194822
87000 0.0194943
87100 0.0194834
87200 0.019461
87300 0.0194387
87400 0.0194279
87500 0.0194286
87600 0.0194406
87700 0.0194299
87800 0.0194419
87900 0.0194425
88000 0.0194545
88100 0.0194779
88200 0.0194898
88300 0.019479
88400 0.0194909
88500 0.0194689
88600 0.0194582
88700 0.0194476
88800 0.0194482
88900 0.0194376
89000 0.0194382
89100 0.0194501
89200 0.0194955
89300 0.0194849
89400 0.0195302
89500 0.0195307
89600 0.0195201
89700 0.0195429
89800 0.0195434
89900 0.0195551
90000 0.0195667
90100 0.0195449
90200 0.0195455
90300 0.0195792
90400 0.0195575
90500 0.019558
90600 0.0195806
90700 0.0195921
90800 0.0195815
90900 0.019593
91000 0.0195824
91100 0.0195609
91200 0.0195504
91300 0.0195619
91400 0.0195624
91500 0.0195628
91600 0.0195633
91700 0.0195747
91800 0.0195861
91900 0.0195756
92000 0.0195652
92100 0.0195548
92200 0.0195445
92300 0.019545
92400 0.0195563
92500 0.0195568
92600 0.0195464
92700 0.0195469
92800 0.0195366
92900 0.0195479
93000 0.0195699
93100 0.0195704
93200 0.0195708
93300 0.019582
93400 0.019561
93500 0.0195508
93600 0.0195406
93700 0.0195624
93800 0.0195416
93900 0.0195208
94000 0.0195
94100 0.019543
94200 0.0195329
94300 0.0195228
94400 0.0195339
94500 0.0195238
94600 0.0195243
94700 0.0195248
94800 0.0195253
94900 0.0195153
95000 0.0195368
95100 0.0195478
95200 0.0195378
95300 0.0195383
95400 0.0195388
95500 0.0195497
95600 0.0195607
95700 0.0195507
95800 0.0195407
95900 0.0195516
96000 0.0195313
96100 0.0195109
96200 0.0194906
96300 0.0194808
96400 0.0194606
96500 0.0194611
96600 0.0194513
96700 0.0194416
96800 0.0194421
96900 0.0194427
97000 0.019433
97100 0.0194439
97200 0.0194239
97300 0.019445
97400 0.0194353
97500 0.0194359
97600 0.0194262
97700 0.0194371
97800 0.0194479
97900 0.0194382
98000 0.0194184
98100 0.0194495
98200 0.0194297
98300 0.0194201
98400 0.0194207
98500 0.0194112
98600 0.0194016
98700 0.0194225
98800 0.0194231
98900 0.0194338
99000 0.0194242
99100 0.0194248
99200 0.0194254
99300 0.0194159
99400 0.0194467
99500 0.0194372
99600 0.0194378
99700 0.0194483
99800 0.0194489
99900 0.0194695
